R
[]
[[0 0 0 0]
 [2 0 0 0]
 [0 0 0 0]
 [0 2 0 0]]
D
[2, 0, 260, 0, 2, 720]
[[0 0 0 0]
 [0 0 0 2]
 [0 0 0 2]
 [0 0 0 2]]
R
[4, 100, 260, 0, 8, 660]
[[0 0 0 0]
 [0 2 0 0]
 [0 0 0 2]
 [0 0 0 4]]
R
[4, 0, 240, 0, 8, 580]
[[0 0 0 0]
 [0 0 0 2]
 [0 2 0 2]
 [0 0 0 4]]
D
[4, 100, 240, 0, 4, 640]
[[0 0 0 0]
 [0 0 0 2]
 [0 0 2 4]
 [0 0 0 4]]
R
[8, 100, 240, 0, 16, 600]
[[0 2 0 0]
 [0 0 0 0]
 [0 0 0 2]
 [0 0 2 8]]
R
[8, 0, 220, 0, 16, 480]
[[0 0 0 2]
 [0 0 0 0]
 [0 2 0 2]
 [0 0 2 8]]
R
[8, 100, 220, 0, 16, 580]
[[0 0 0 2]
 [0 0 0 0]
 [0 0 0 4]
 [2 0 2 8]]
R
[8, 100, 220, 0, 16, 520]
[[0 0 0 2]
 [0 2 0 0]
 [0 0 0 4]
 [0 0 4 8]]
R
[8, 0, 200, 0, 16, 580]
[[0 0 2 2]
 [0 0 0 2]
 [0 0 0 4]
 [0 0 4 8]]
R
[8, 100, 200, 0, 16, 600]
[[2 0 0 4]
 [0 0 0 2]
 [0 0 0 4]
 [0 0 4 8]]
R
[8, 0, 180, 0, 16, 500]
[[0 0 2 4]
 [0 0 0 2]
 [2 0 0 4]
 [0 0 4 8]]
R
[8, 0, 160, 0, 16, 420]
[[0 0 2 4]
 [0 2 0 2]
 [0 0 2 4]
 [0 0 4 8]]
R
[8, 100, 160, 0, 16, 380]
[[0 0 2 4]
 [0 2 0 4]
 [0 0 2 4]
 [0 0 4 8]]
D
[8, 0, 140, 0, 16, 400]
[[0 0 2 4]
 [2 0 2 4]
 [0 0 2 4]
 [0 0 4 8]]
D
[8, 200, 160, 0, 8, 380]
[[0 0 0 0]
 [0 2 2 4]
 [0 0 4 8]
 [2 0 4 8]]
R
[16, 200, 180, 0, 32, 440]
[[ 0  2  0  0]
 [ 0  0  0  0]
 [ 0  0  2  4]
 [ 2  2  8 16]]
R
[16, 100, 180, 0, 32, 420]
[[ 0  2  0  2]
 [ 0  0  0  0]
 [ 0  0  2  4]
 [ 0  4  8 16]]
R
[16, 100, 180, 0, 32, 460]
[[ 2  0  0  4]
 [ 0  0  0  0]
 [ 0  0  2  4]
 [ 0  4  8 16]]
R
[16, 0, 160, 0, 32, 360]
[[ 0  0  2  4]
 [ 2  0  0  0]
 [ 0  0  2  4]
 [ 0  4  8 16]]
R
[16, 0, 140, 0, 32, 400]
[[ 2  0  2  4]
 [ 0  0  0  2]
 [ 0  0  2  4]
 [ 0  4  8 16]]
D
[16, 100, 140, 0, 32, 440]
[[ 0  0  4  4]
 [ 0  0  2  2]
 [ 0  0  2  4]
 [ 0  4  8 16]]
R
[16, 100, 140, 0, 32, 360]
[[ 0  0  0  4]
 [ 0  0  4  2]
 [ 2  0  4  4]
 [ 0  4  8 16]]
R
[16, 100, 140, 0, 32, 360]
[[ 0  0  0  4]
 [ 0  4  4  2]
 [ 0  0  2  8]
 [ 0  4  8 16]]
R
[16, 100, 140, 0, 32, 320]
[[ 0  0  0  4]
 [ 0  0  8  2]
 [ 2  0  2  8]
 [ 0  4  8 16]]
R
[16, 100, 140, 0, 32, 420]
[[ 4  0  0  4]
 [ 0  0  8  2]
 [ 0  0  4  8]
 [ 0  4  8 16]]
R
[16, 100, 140, 0, 32, 360]
[[ 0  0  0  8]
 [ 2  0  8  2]
 [ 0  0  4  8]
 [ 0  4  8 16]]
R
[16, 0, 120, 0, 32, 280]
[[ 2  0  0  8]
 [ 0  2  8  2]
 [ 0  0  4  8]
 [ 0  4  8 16]]
R
[16, 0, 100, 0, 32, 240]
[[ 0  0  2  8]
 [ 2  2  8  2]
 [ 0  0  4  8]
 [ 0  4  8 16]]
D
[16, 100, 100, 0, 32, 280]
[[ 0  0  2  8]
 [ 2  4  8  2]
 [ 0  0  4  8]
 [ 0  4  8 16]]
R
[16, 100, 100, 0, 32, 260]
[[ 0  0  2  8]
 [ 2  0  8  2]
 [ 0  0  4  8]
 [ 2  8  8 16]]
D
[16, 100, 100, 0, 16, 220]
[[ 0  0  2  8]
 [ 0  2  8  2]
 [ 0  0  4  8]
 [ 2  2 16 16]]
R
[16, 100, 100, 0, 16, 320]
[[ 0  0  2  8]
 [ 0  0  8  2]
 [ 0  2  4  8]
 [ 2  4 16 16]]
D
[32, 100, 100, 0, 64, 240]
[[ 0  0  2  8]
 [ 0  0  8  2]
 [ 2  2  4  8]
 [ 0  2  4 32]]
D
[32, 200, 120, 0, 64, 320]
[[ 0  0  2  8]
 [ 0  0  2  2]
 [ 0  0  8  8]
 [ 2  4  8 32]]
R
[32, 200, 140, 0, 64, 340]
[[ 0  0  0  8]
 [ 2  0  0  2]
 [ 0  0  4  8]
 [ 2  4 16 32]]
R
[32, 100, 140, 0, 64, 380]
[[ 0  2  0  8]
 [ 0  0  0  4]
 [ 0  0  4  8]
 [ 2  4 16 32]]
R
[32, 0, 120, 0, 64, 340]
[[ 0  0  2  8]
 [ 0  0  0  4]
 [ 2  0  4  8]
 [ 2  4 16 32]]
R
[32, 0, 100, 0, 64, 260]
[[ 0  0  2  8]
 [ 2  0  0  4]
 [ 0  2  4  8]
 [ 2  4 16 32]]
D
[32, 0, 80, 0, 64, 300]
[[ 2  0  2  8]
 [ 0  0  2  4]
 [ 0  2  4  8]
 [ 2  4 16 32]]
D
[32, 200, 100, 0, 64, 240]
[[ 0  2  0  8]
 [ 0  0  4  4]
 [ 0  2  4  8]
 [ 4  4 16 32]]
R
[32, 200, 120, 0, 64, 340]
[[ 2  0  0  8]
 [ 0  0  0  4]
 [ 0  4  8  8]
 [ 4  4 16 32]]
R
[32, 200, 140, 0, 64, 320]
[[ 0  0  2  8]
 [ 0  0  0  4]
 [ 4  0  4 16]
 [ 0  8 16 32]]
D
[32, 100, 140, 0, 64, 420]
[[ 0  4  2  8]
 [ 0  0  0  4]
 [ 0  0  8 16]
 [ 0  8 16 32]]
R
[32, 0, 120, 0, 64, 340]
[[ 0  0  0  8]
 [ 2  0  2  4]
 [ 0  4  8 16]
 [ 0  8 16 32]]
R
[32, 100, 120, 0, 64, 420]
[[ 0  0  0  8]
 [ 0  0  4  4]
 [ 0  4  8 16]
 [ 2  8 16 32]]
R
[32, 100, 120, 0, 64, 360]
[[ 0  0  0  8]
 [ 2  0  0  8]
 [ 0  4  8 16]
 [ 2  8 16 32]]
D
[32, 0, 100, 0, 64, 360]
[[ 0  0  2  8]
 [ 0  0  2  8]
 [ 0  4  8 16]
 [ 2  8 16 32]]
D
[32, 200, 120, 0, 64, 380]
[[ 0  0  2  0]
 [ 0  0  4 16]
 [ 0  4  8 16]
 [ 2  8 16 32]]
D
[32, 100, 120, 0, 32, 300]
[[ 0  2  2  0]
 [ 0  0  4  0]
 [ 0  4  8 32]
 [ 2  8 16 32]]
D
[64, 100, 120, 0, 128, 320]
[[ 0  2  2  0]
 [ 0  2  4  0]
 [ 0  4  8  0]
 [ 2  8 16 64]]
D
[64, 100, 120, 0, 128, 280]
[[ 0  0  2  2]
 [ 0  4  4  0]
 [ 0  4  8  0]
 [ 2  8 16 64]]
D
[64, 100, 120, 0, 128, 240]
[[ 0  2  2  0]
 [ 0  0  4  0]
 [ 0  8  8  2]
 [ 2  8 16 64]]
D
[64, 100, 120, 0, 128, 260]
[[ 0  0  2  0]
 [ 0  0  4  0]
 [ 2  2  8  2]
 [ 2 16 16 64]]
D
[64, 100, 120, 0, 128, 240]
[[ 0  0  2  0]
 [ 0  2  4  0]
 [ 0  2  8  2]
 [ 4 16 16 64]]
D
[64, 100, 120, 0, 128, 200]
[[ 0  0  2  0]
 [ 2  0  4  0]
 [ 0  4  8  2]
 [ 4 16 16 64]]
D
[64, 0, 100, 0, 128, 240]
[[ 0  0  2  0]
 [ 2  0  4  0]
 [ 2  4  8  2]
 [ 4 16 16 64]]
D
[64, 100, 100, 0, 128, 220]
[[ 0  0  2  0]
 [ 2  0  4  0]
 [ 4  4  8  2]
 [ 4 16 16 64]]
D
[64, 100, 100, 0, 128, 260]
[[ 0  4  2  0]
 [ 0  0  4  0]
 [ 2  4  8  2]
 [ 8 16 16 64]]
D
[64, 100, 100, 0, 128, 280]
[[ 0  0  2  0]
 [ 0  0  4  2]
 [ 2  8  8  2]
 [ 8 16 16 64]]
D
[64, 100, 100, 0, 128, 240]
[[ 2  0  2  0]
 [ 0  0  4  0]
 [ 2  8  8  4]
 [ 8 16 16 64]]
D
[64, 100, 100, 0, 128, 280]
[[ 0  2  2  0]
 [ 0  0  4  0]
 [ 4  8  8  4]
 [ 8 16 16 64]]
R
[64, 0, 80, 0, 128, 280]
[[ 0  0  2  0]
 [ 2  2  4  0]
 [ 4  8  8  4]
 [ 8 16 16 64]]
D
[64, 300, 120, 0, 128, 320]
[[ 0  0  0  2]
 [ 0  0  4  4]
 [ 0  4 16  4]
 [ 2  8 32 64]]
D
[64, 100, 120, 0, 128, 260]
[[ 0  0  0  0]
 [ 2  0  4  2]
 [ 0  4 16  8]
 [ 2  8 32 64]]
D
[64, 100, 120, 0, 128, 360]
[[ 0  0  0  2]
 [ 0  0  4  2]
 [ 0  4 16  8]
 [ 4  8 32 64]]
D
[64, 100, 120, 0, 128, 280]
[[ 0  0  0  0]
 [ 2  0  4  4]
 [ 0  4 16  8]
 [ 4  8 32 64]]
D
[64, 0, 100, 0, 128, 320]
[[ 0  0  0  0]
 [ 2  0  4  4]
 [ 2  4 16  8]
 [ 4  8 32 64]]
D
[64, 100, 100, 0, 128, 240]
[[ 0  2  0  0]
 [ 0  0  4  4]
 [ 4  4 16  8]
 [ 4  8 32 64]]
R
[64, 100, 100, 0, 128, 320]
[[ 0  0  0  2]
 [ 0  2  4  4]
 [ 0  4 16  8]
 [ 8  8 32 64]]
D
[64, 200, 120, 0, 128, 280]
[[ 2  0  0  2]
 [ 0  0  2  8]
 [ 0  4 16  8]
 [ 0 16 32 64]]
D
[64, 100, 120, 0, 128, 260]
[[ 2  0  0  0]
 [ 0  0  2  2]
 [ 0  4 16 16]
 [ 2 16 32 64]]
D
[64, 100, 120, 0, 128, 220]
[[ 0  0  0  0]
 [ 2  0  2  2]
 [ 0  4 16 16]
 [ 4 16 32 64]]
D
[64, 0, 100, 0, 128, 300]
[[ 0  0  0  2]
 [ 0  0  2  2]
 [ 2  4 16 16]
 [ 4 16 32 64]]
R
[64, 100, 100, 0, 128, 300]
[[ 0  0  0  0]
 [ 0  2  2  4]
 [ 2  4 16 16]
 [ 4 16 32 64]]
D
[64, 200, 120, 0, 128, 300]
[[ 0  0  0  0]
 [ 0  2  4  4]
 [ 0  2  4 32]
 [ 4 16 32 64]]
D
[64, 200, 140, 0, 128, 320]
[[ 0  2  0  0]
 [ 0  0  0  4]
 [ 0  4  8 32]
 [ 4 16 32 64]]
R
[64, 0, 120, 0, 128, 320]
[[ 0  0  0  2]
 [ 0  2  0  4]
 [ 0  4  8 32]
 [ 4 16 32 64]]
D
[64, 0, 100, 0, 128, 320]
[[ 0  0  2  2]
 [ 0  0  2  4]
 [ 0  4  8 32]
 [ 4 16 32 64]]
R
[64, 100, 100, 0, 128, 360]
[[ 0  0  0  2]
 [ 0  0  4  4]
 [ 2  4  8 32]
 [ 4 16 32 64]]
D
[64, 100, 100, 0, 128, 320]
[[ 2  0  0  2]
 [ 0  0  0  8]
 [ 2  4  8 32]
 [ 4 16 32 64]]
D
[64, 100, 100, 0, 128, 280]
[[ 0  0  0  2]
 [ 0  0  2  8]
 [ 4  4  8 32]
 [ 4 16 32 64]]
D
[64, 100, 100, 0, 128, 220]
[[ 0  2  0  2]
 [ 0  0  2  8]
 [ 0  4  8 32]
 [ 8 16 32 64]]
D
[64, 0, 80, 0, 128, 200]
[[ 2  0  0  2]
 [ 0  2  2  8]
 [ 0  4  8 32]
 [ 8 16 32 64]]
D
[64, 0, 60, 0, 128, 180]
[[ 0  2  0  2]
 [ 0  2  2  8]
 [ 2  4  8 32]
 [ 8 16 32 64]]
D
[64, 100, 60, 0, 128, 200]
[[ 0  2  0  2]
 [ 0  4  2  8]
 [ 2  4  8 32]
 [ 8 16 32 64]]
D
[64, 100, 60, 0, 128, 180]
[[ 0  0  2  2]
 [ 0  2  2  8]
 [ 2  8  8 32]
 [ 8 16 32 64]]
D
[64, 100, 60, 0, 128, 240]
[[ 0  0  0  2]
 [ 2  2  4  8]
 [ 2  8  8 32]
 [ 8 16 32 64]]
R
[64, 100, 60, 0, 128, 300]
[[ 0  0  0  2]
 [ 2  2  4  8]
 [ 4  8  8 32]
 [ 8 16 32 64]]
D
[64, 200, 80, 0, 128, 240]
[[ 0  2  0  2]
 [ 0  4  4  8]
 [ 0  4 16 32]
 [ 8 16 32 64]]
U
[64, 100, 80, 0, 128, 320]
[[ 0  0  0  2]
 [ 0  2  4  8]
 [ 2  8 16 32]
 [ 8 16 32 64]]
D
[64, 0, 60, 0, 128, 200]
[[ 2  2  4  2]
 [ 8  8 16  8]
 [ 0 16 32 32]
 [ 0  2  0 64]]
D
[64, 0, 40, 0, 128, 160]
[[ 4  2  0  2]
 [ 0  8  4  8]
 [ 2 16 16 32]
 [ 8  2 32 64]]
R
[64, 0, 20, 0, 128, 200]
[[ 2  2  0  2]
 [ 4  8  4  8]
 [ 2 16 16 32]
 [ 8  2 32 64]]
D
[64, 200, 40, 0, 128, 160]
[[ 0  2  2  4]
 [ 4  8  4  8]
 [ 0  2 32 32]
 [ 8  2 32 64]]
D
[64, 200, 60, 0, 64, 200]
[[ 0  2  0  4]
 [ 0  2  2  8]
 [ 4  8  4 32]
 [ 8  4 64 64]]
R
[64, 100, 60, 0, 64, 260]
[[ 0  2  0  4]
 [ 0  4  2  8]
 [ 4  8  4 32]
 [ 8  4 64 64]]
D
[128, 100, 60, 0, 256, 240]
[[  0   0   2   4]
 [  2   4   2   8]
 [  4   8   4  32]
 [  0   8   4 128]]
D
[128, 300, 100, 0, 256, 320]
[[  0   0   2   4]
 [  0   0   0   8]
 [  2   4   4  32]
 [  4  16   8 128]]
D
[128, 0, 80, 0, 256, 300]
[[  0   0   2   4]
 [  0   0   2   8]
 [  2   4   4  32]
 [  4  16   8 128]]
D
[128, 100, 80, 0, 256, 200]
[[  0   2   0   4]
 [  0   0   4   8]
 [  2   4   4  32]
 [  4  16   8 128]]
D
[128, 100, 80, 0, 256, 240]
[[  0   0   0   4]
 [  2   2   0   8]
 [  2   4   8  32]
 [  4  16   8 128]]
D
[128, 200, 100, 0, 256, 160]
[[  2   0   0   4]
 [  0   2   0   8]
 [  4   4   0  32]
 [  4  16  16 128]]
D
[128, 100, 100, 0, 256, 220]
[[  0   0   2   4]
 [  0   2   0   8]
 [  2   4   0  32]
 [  8  16  16 128]]
D
[128, 0, 80, 0, 256, 180]
[[  2   0   0   4]
 [  0   2   0   8]
 [  2   4   2  32]
 [  8  16  16 128]]
D
[128, 100, 80, 0, 256, 220]
[[  0   0   0   4]
 [  0   2   2   8]
 [  4   4   2  32]
 [  8  16  16 128]]
D
[128, 100, 80, 0, 256, 160]
[[  0   2   0   4]
 [  0   2   0   8]
 [  4   4   4  32]
 [  8  16  16 128]]
D
[128, 100, 80, 0, 256, 220]
[[  0   0   0   4]
 [  0   4   2   8]
 [  4   4   4  32]
 [  8  16  16 128]]
D
[128, 100, 80, 0, 256, 320]
[[  0   0   2   4]
 [  0   0   2   8]
 [  4   8   4  32]
 [  8  16  16 128]]
D
[128, 100, 80, 0, 256, 220]
[[  0   2   0   4]
 [  0   0   4   8]
 [  4   8   4  32]
 [  8  16  16 128]]
D
[128, 100, 80, 0, 256, 200]
[[  0   2   0   4]
 [  0   2   0   8]
 [  4   8   8  32]
 [  8  16  16 128]]
D
[128, 100, 80, 0, 256, 220]
[[  2   0   0   4]
 [  0   4   0   8]
 [  4   8   8  32]
 [  8  16  16 128]]
R
[128, 0, 60, 0, 256, 240]
[[  0   2   0   4]
 [  2   4   0   8]
 [  4   8   8  32]
 [  8  16  16 128]]
U
[128, 200, 80, 0, 256, 320]
[[  0   0   2   4]
 [  0   2   4   8]
 [  0   4  16  32]
 [  4   8  32 128]]
D
[128, 0, 60, 0, 256, 300]
[[  4   2   2   4]
 [  0   4   4   8]
 [  0   8  16  32]
 [  0   4  32 128]]
D
[128, 0, 40, 0, 256, 220]
[[  0   2   2   4]
 [  2   4   4   8]
 [  0   8  16  32]
 [  4   4  32 128]]
D
[128, 0, 20, 0, 256, 220]
[[  2   2   2   4]
 [  0   4   4   8]
 [  2   8  16  32]
 [  4   4  32 128]]
D
[128, 100, 20, 0, 256, 220]
[[  2   2   2   4]
 [  0   4   4   8]
 [  4   8  16  32]
 [  4   4  32 128]]
D
[128, 100, 20, 0, 256, 220]
[[  2   2   2   4]
 [  0   4   4   8]
 [  2   8  16  32]
 [  8   4  32 128]]
R
[128, 100, 20, 0, 256, 300]
[[  0   2   2   4]
 [  2   4   4   8]
 [  4   8  16  32]
 [  8   4  32 128]]
D
[128, 200, 40, 0, 256, 260]
[[  0   2   4   4]
 [  0   2   8   8]
 [  4   8  16  32]
 [  8   4  32 128]]
D
[128, 100, 40, 0, 256, 240]
[[  2   0   4   4]
 [  0   4   8   8]
 [  4   8  16  32]
 [  8   4  32 128]]
R
[128, 0, 20, 0, 256, 320]
[[  0   2   4   4]
 [  2   4   8   8]
 [  4   8  16  32]
 [  8   4  32 128]]
R
[128, 200, 40, 0, 256, 280]
[[  0   0   2   8]
 [  2   2   4  16]
 [  4   8  16  32]
 [  8   4  32 128]]
D
[128, 100, 40, 0, 256, 220]
[[  2   0   2   8]
 [  0   4   4  16]
 [  4   8  16  32]
 [  8   4  32 128]]
R
[128, 0, 20, 0, 256, 280]
[[  0   2   2   8]
 [  2   4   4  16]
 [  4   8  16  32]
 [  8   4  32 128]]
R
[128, 200, 40, 0, 256, 320]
[[  0   0   4   8]
 [  2   2   8  16]
 [  4   8  16  32]
 [  8   4  32 128]]
U
[128, 100, 40, 0, 256, 380]
[[  0   0   4   8]
 [  2   4   8  16]
 [  4   8  16  32]
 [  8   4  32 128]]
D
[128, 0, 20, 0, 256, 300]
[[  2   4   4   8]
 [  4   8   8  16]
 [  8   4  16  32]
 [  2   0  32 128]]
R
[128, 0, 0, 0, 256, 340]
[[  2   2   4   8]
 [  4   4   8  16]
 [  8   8  16  32]
 [  2   4  32 128]]
D
[128, 300, 40, 0, 256, 220]
[[  0   4   4   8]
 [  2   8   8  16]
 [  0  16  16  32]
 [  2   4  32 128]]
D
[128, 100, 40, 0, 256, 200]
[[  0   4   4   8]
 [  2   8   8  16]
 [  0  16  16  32]
 [  4   4  32 128]]
D
[128, 0, 20, 0, 256, 240]
[[  2   4   4   8]
 [  0   8   8  16]
 [  2  16  16  32]
 [  4   4  32 128]]
D
[128, 100, 20, 0, 256, 220]
[[  0   4   4   8]
 [  2   8   8  16]
 [  4  16  16  32]
 [  4   4  32 128]]
D
[128, 100, 20, 0, 256, 220]
[[  0   4   4   8]
 [  2   8   8  16]
 [  2  16  16  32]
 [  8   4  32 128]]
D
[128, 100, 20, 0, 256, 260]
[[  2   4   4   8]
 [  0   8   8  16]
 [  4  16  16  32]
 [  8   4  32 128]]
D
[128, 0, 0, 0, 256, 280]
[[  2   4   4   8]
 [  2   8   8  16]
 [  4  16  16  32]
 [  8   4  32 128]]
D
[128, 100, 0, 0, 256, 300]
[[  2   4   4   8]
 [  4   8   8  16]
 [  4  16  16  32]
 [  8   4  32 128]]
D
[128, 100, 0, 0, 256, 260]
[[  2   4   4   8]
 [  2   8   8  16]
 [  8  16  16  32]
 [  8   4  32 128]]
R
[128, 200, 20, 0, 256, 220]
[[  0   4   4   8]
 [  2   8   8  16]
 [  4  16  16  32]
 [ 16   4  32 128]]
D
[128, 300, 60, 0, 256, 140]
[[  0   0   8   8]
 [  2   2  16  16]
 [  0   4  32  32]
 [ 16   4  32 128]]
D
[128, 200, 80, 0, 256, 260]
[[  2   0   0   8]
 [  0   0   8  16]
 [  2   2  16  32]
 [ 16   8  64 128]]
U
[128, 100, 80, 0, 256, 320]
[[  0   0   2   8]
 [  0   0   8  16]
 [  4   2  16  32]
 [ 16   8  64 128]]
D
[128, 0, 60, 0, 256, 240]
[[  4   2   2   8]
 [ 16   8   8  16]
 [  0   0  16  32]
 [  0   2  64 128]]
R
[128, 0, 40, 0, 256, 220]
[[  0   0   2   8]
 [  2   2   8  16]
 [  4   8  16  32]
 [ 16   2  64 128]]
U
[128, 100, 40, 0, 256, 280]
[[  0   0   2   8]
 [  2   4   8  16]
 [  4   8  16  32]
 [ 16   2  64 128]]
D
[128, 0, 20, 0, 256, 220]
[[  2   4   2   8]
 [  4   8   8  16]
 [ 16   2  16  32]
 [  0   2  64 128]]
D
[128, 100, 20, 0, 256, 260]
[[  2   0   2   8]
 [  2   4   8  16]
 [  4   8  16  32]
 [ 16   4  64 128]]
D
[128, 100, 20, 0, 256, 240]
[[  2   0   2   8]
 [  4   4   8  16]
 [  4   8  16  32]
 [ 16   4  64 128]]
D
[128, 100, 20, 0, 256, 240]
[[  2   0   2   8]
 [  2   4   8  16]
 [  8   8  16  32]
 [ 16   4  64 128]]
R
[128, 100, 20, 0, 256, 260]
[[  0   2   2   8]
 [  4   4   8  16]
 [  8   8  16  32]
 [ 16   4  64 128]]
R
[128, 300, 60, 0, 256, 280]
[[  0   2   4   8]
 [  0   8   8  16]
 [  0  16  16  32]
 [ 16   4  64 128]]
D
[128, 200, 80, 0, 256, 300]
[[  2   2   4   8]
 [  0   0  16  16]
 [  0   0  32  32]
 [ 16   4  64 128]]
D
[128, 0, 60, 0, 256, 220]
[[  4   0   4   8]
 [  0   0  16  16]
 [  2   2  32  32]
 [ 16   4  64 128]]
D
[128, 0, 40, 0, 256, 220]
[[  0   0   4   8]
 [  4   2  16  16]
 [  2   2  32  32]
 [ 16   4  64 128]]
D
[128, 100, 40, 0, 256, 180]
[[  0   2   4   8]
 [  4   0  16  16]
 [  2   4  32  32]
 [ 16   4  64 128]]
R
[128, 100, 40, 0, 256, 220]
[[  0   0   4   8]
 [  4   4  16  16]
 [  2   2  32  32]
 [ 16   8  64 128]]
D
[128, 400, 100, 0, 256, 300]
[[  0   0   4   8]
 [  0   2   8  32]
 [  0   0   4  64]
 [ 16   8  64 128]]
D
[128, 0, 80, 0, 256, 300]
[[  0   2   4   8]
 [  0   0   8  32]
 [  0   2   4  64]
 [ 16   8  64 128]]
D
[128, 100, 80, 0, 256, 300]
[[  0   2   4   8]
 [  0   0   8  32]
 [  0   4   4  64]
 [ 16   8  64 128]]
D
[128, 0, 60, 0, 256, 280]
[[  0   2   4   8]
 [  0   2   8  32]
 [  0   4   4  64]
 [ 16   8  64 128]]
D
[128, 100, 60, 0, 256, 220]
[[  2   0   4   8]
 [  0   4   8  32]
 [  0   4   4  64]
 [ 16   8  64 128]]
D
[128, 100, 60, 0, 256, 240]
[[  0   0   4   8]
 [  2   0   8  32]
 [  2   8   4  64]
 [ 16   8  64 128]]
R
[128, 200, 80, 0, 256, 320]
[[  0   0   4   8]
 [  0   0   8  32]
 [  4   2   4  64]
 [ 16  16  64 128]]
D
[128, 100, 80, 0, 256, 280]
[[  0   2   4   8]
 [  0   0   8  32]
 [  4   2   4  64]
 [  0  32  64 128]]
D
[128, 100, 80, 0, 256, 220]
[[  0   0   4   8]
 [  2   0   8  32]
 [  0   4   4  64]
 [  4  32  64 128]]
D
[128, 0, 60, 0, 256, 260]
[[  2   0   4   8]
 [  0   0   8  32]
 [  2   4   4  64]
 [  4  32  64 128]]
D
[128, 100, 60, 0, 256, 240]
[[  0   0   4   8]
 [  0   2   8  32]
 [  4   4   4  64]
 [  4  32  64 128]]
R
[128, 100, 60, 0, 256, 260]
[[  0   0   4   8]
 [  0   2   8  32]
 [  2   4   4  64]
 [  8  32  64 128]]
D
[128, 100, 60, 0, 256, 220]
[[  0   2   4   8]
 [  0   2   8  32]
 [  0   2   8  64]
 [  8  32  64 128]]
R
[128, 200, 80, 0, 256, 200]
[[  0   0   0   8]
 [  2   2   4  32]
 [  0   4  16  64]
 [  8  32  64 128]]
D
[128, 100, 80, 0, 256, 180]
[[  0   2   0   8]
 [  0   4   4  32]
 [  0   4  16  64]
 [  8  32  64 128]]
U
[128, 100, 80, 0, 256, 260]
[[  0   0   2   8]
 [  0   2   4  32]
 [  0   8  16  64]
 [  8  32  64 128]]
R
[128, 0, 60, 0, 256, 160]
[[  8   2   2   8]
 [  0   8   4  32]
 [  2  32  16  64]
 [  0   0  64 128]]
D
[128, 100, 60, 0, 256, 180]
[[  0   8   4   8]
 [  2   8   4  32]
 [  2  32  16  64]
 [  0   0  64 128]]
R
[128, 300, 100, 0, 256, 240]
[[  0   2   0   8]
 [  0   0   8  32]
 [  0  16  16  64]
 [  4  32  64 128]]
U
[128, 100, 100, 0, 256, 320]
[[  0   0   2   8]
 [  0   0   8  32]
 [  0   2  32  64]
 [  4  32  64 128]]
R
[128, 0, 80, 0, 256, 240]
[[  4   2   2   8]
 [  0  32   8  32]
 [  0   2  32  64]
 [  0   0  64 128]]
D
[128, 100, 80, 0, 256, 240]
[[  0   4   4   8]
 [  0  32   8  32]
 [  4   2  32  64]
 [  0   0  64 128]]
R
[128, 0, 60, 0, 256, 300]
[[  0   2   4   8]
 [  0   4   8  32]
 [  0  32  32  64]
 [  4   2  64 128]]
D
[128, 100, 60, 0, 256, 280]
[[  0   2   4   8]
 [  0   4   8  32]
 [  0   2  64  64]
 [  4   2  64 128]]
D
[128, 200, 80, 0, 128, 200]
[[  2   0   0   8]
 [  0   2   4  32]
 [  0   4   8  64]
 [  4   4 128 128]]
R
[128, 100, 80, 0, 128, 220]
[[  2   0   0   8]
 [  0   0   4  32]
 [  2   2   8  64]
 [  4   8 128 128]]
D
[256, 200, 100, 0, 512, 260]
[[  2   0   2   8]
 [  0   0   4  32]
 [  0   4   8  64]
 [  0   4   8 256]]
U
[256, 200, 120, 0, 512, 320]
[[  0   0   0   8]
 [  0   0   2  32]
 [  0   2   4  64]
 [  2   8  16 256]]
R
[256, 0, 100, 0, 512, 220]
[[  2   2   2   8]
 [  0   8   4  32]
 [  0   2  16  64]
 [  0   0   0 256]]
D
[256, 100, 100, 0, 512, 200]
[[  0   2   4   8]
 [  0   8   4  32]
 [  0   2  16  64]
 [  0   2   0 256]]
D
[256, 200, 120, 0, 512, 220]
[[  0   0   0   8]
 [  0   2   0  32]
 [  2   8   8  64]
 [  0   4  16 256]]
R
[256, 0, 100, 0, 512, 200]
[[  0   2   0   8]
 [  0   2   0  32]
 [  0   8   8  64]
 [  2   4  16 256]]
R
[256, 100, 100, 0, 512, 240]
[[  4   0   2   8]
 [  0   0   2  32]
 [  0   0  16  64]
 [  2   4  16 256]]
D
[256, 0, 80, 0, 512, 200]
[[  0   4   2   8]
 [  0   0   2  32]
 [  0   2  16  64]
 [  2   4  16 256]]
R
[256, 200, 100, 0, 512, 220]
[[  0   0   2   8]
 [  0   4   0  32]
 [  0   2   4  64]
 [  2   4  32 256]]
D
[256, 0, 80, 0, 512, 180]
[[  0   0   2   8]
 [  2   0   4  32]
 [  0   2   4  64]
 [  2   4  32 256]]
R
[256, 200, 100, 0, 512, 200]
[[  2   0   0   8]
 [  0   0   2  32]
 [  0   2   8  64]
 [  4   4  32 256]]
R
[256, 100, 100, 0, 512, 180]
[[  0   0   2   8]
 [  0   2   2  32]
 [  0   2   8  64]
 [  0   8  32 256]]
D
[256, 100, 100, 0, 512, 240]
[[  0   0   2   8]
 [  0   2   4  32]
 [  0   2   8  64]
 [  0   8  32 256]]
D
[256, 100, 100, 0, 512, 260]
[[  2   0   2   8]
 [  0   0   4  32]
 [  0   4   8  64]
 [  0   8  32 256]]
D
[256, 0, 80, 0, 512, 220]
[[  2   0   2   8]
 [  0   0   4  32]
 [  0   4   8  64]
 [  2   8  32 256]]
D
[256, 100, 80, 0, 512, 240]
[[  0   2   2   8]
 [  0   0   4  32]
 [  0   4   8  64]
 [  4   8  32 256]]
D
[256, 0, 60, 0, 512, 200]
[[  2   0   2   8]
 [  0   2   4  32]
 [  0   4   8  64]
 [  4   8  32 256]]
D
[256, 0, 40, 0, 512, 240]
[[  0   0   2   8]
 [  2   2   4  32]
 [  2   4   8  64]
 [  4   8  32 256]]
D
[256, 100, 40, 0, 512, 220]
[[  0   0   2   8]
 [  2   2   4  32]
 [  4   4   8  64]
 [  4   8  32 256]]
D
[256, 100, 40, 0, 512, 200]
[[  0   2   2   8]
 [  0   2   4  32]
 [  2   4   8  64]
 [  8   8  32 256]]
D
[256, 100, 40, 0, 512, 180]
[[  0   2   2   8]
 [  0   4   4  32]
 [  2   4   8  64]
 [  8   8  32 256]]
D
[256, 100, 40, 0, 512, 120]
[[  0   2   2   8]
 [  0   2   4  32]
 [  2   8   8  64]
 [  8   8  32 256]]
U
[256, 200, 60, 0, 512, 260]
[[  0   0   2   8]
 [  0   2   4  32]
 [  2   4   8  64]
 [  8  16  32 256]]
D
[256, 0, 40, 0, 512, 120]
[[  2   2   2   8]
 [  8   4   4  32]
 [  0  16   8  64]
 [  2   0  32 256]]
D
[256, 0, 20, 0, 512, 160]
[[  2   0   2   8]
 [  2   2   4  32]
 [  8   4   8  64]
 [  2  16  32 256]]
D
[256, 100, 20, 0, 512, 200]
[[  0   2   2   8]
 [  4   2   4  32]
 [  8   4   8  64]
 [  2  16  32 256]]
D
[256, 100, 20, 0, 512, 160]
[[  0   2   2   8]
 [  4   4   4  32]
 [  8   4   8  64]
 [  2  16  32 256]]
D
[256, 100, 20, 0, 512, 160]
[[  0   2   2   8]
 [  4   2   4  32]
 [  8   8   8  64]
 [  2  16  32 256]]
R
[256, 100, 20, 0, 512, 160]
[[  2   0   2   8]
 [  4   4   4  32]
 [  8   8   8  64]
 [  2  16  32 256]]
D
[256, 300, 60, 0, 512, 280]
[[  0   0   4   8]
 [  0   4   8  32]
 [  2   8  16  64]
 [  2  16  32 256]]
U
[256, 100, 60, 0, 512, 300]
[[  0   0   4   8]
 [  0   4   8  32]
 [  2   8  16  64]
 [  4  16  32 256]]
D
[256, 0, 40, 0, 512, 200]
[[  2   4   4   8]
 [  4   8   8  32]
 [  0  16  16  64]
 [  2   0  32 256]]
D
[256, 0, 20, 0, 512, 280]
[[  2   0   4   8]
 [  2   4   8  32]
 [  4   8  16  64]
 [  2  16  32 256]]
D
[256, 100, 20, 0, 512, 280]
[[  0   2   4   8]
 [  4   4   8  32]
 [  4   8  16  64]
 [  2  16  32 256]]
D
[256, 100, 20, 0, 512, 240]
[[  2   2   4   8]
 [  0   4   8  32]
 [  8   8  16  64]
 [  2  16  32 256]]
R
[256, 0, 0, 0, 512, 300]
[[  4   2   4   8]
 [  2   4   8  32]
 [  8   8  16  64]
 [  2  16  32 256]]
D
[256, 100, 0, 0, 512, 280]
[[  4   2   4   8]
 [  2   4   8  32]
 [  4  16  16  64]
 [  2  16  32 256]]
R
[256, 100, 0, 0, 512, 200]
[[  4   4   4   8]
 [  2   2   8  32]
 [  4   4  16  64]
 [  2  32  32 256]]
D
[256, 400, 60, 0, 512, 160]
[[  0   4   8   8]
 [  0   4   8  32]
 [  2   8  16  64]
 [  0   2  64 256]]
D
[256, 200, 80, 0, 512, 200]
[[  0   0   0   8]
 [  0   8  16  32]
 [  2   8  16  64]
 [  2   2  64 256]]
R
[256, 300, 120, 0, 512, 300]
[[  0   2   0   8]
 [  0   0   0  32]
 [  0  16  32  64]
 [  4   2  64 256]]
R
[256, 0, 100, 0, 512, 220]
[[  0   0   2   8]
 [  2   0   0  32]
 [  0  16  32  64]
 [  4   2  64 256]]
R
[256, 0, 80, 0, 512, 220]
[[  2   0   2   8]
 [  0   0   2  32]
 [  0  16  32  64]
 [  4   2  64 256]]
R
[256, 100, 80, 0, 512, 260]
[[  0   0   4   8]
 [  0   2   2  32]
 [  0  16  32  64]
 [  4   2  64 256]]
D
[256, 100, 80, 0, 512, 260]
[[  0   0   4   8]
 [  0   2   4  32]
 [  0  16  32  64]
 [  4   2  64 256]]
U
[256, 100, 80, 0, 512, 220]
[[  0   0   2   8]
 [  0   2   8  32]
 [  0  16  32  64]
 [  4   2  64 256]]
D
[256, 0, 60, 0, 512, 140]
[[  4   2   2   8]
 [  0  16   8  32]
 [  0   2  32  64]
 [  2   0  64 256]]
R
[256, 0, 40, 0, 512, 160]
[[  0   0   2   8]
 [  2   2   8  32]
 [  4  16  32  64]
 [  2   2  64 256]]
D
[256, 200, 60, 0, 512, 160]
[[  0   2   2   8]
 [  0   4   8  32]
 [  4  16  32  64]
 [  0   4  64 256]]
R
[256, 0, 40, 0, 512, 180]
[[  0   2   2   8]
 [  0   4   8  32]
 [  2  16  32  64]
 [  4   4  64 256]]
D
[256, 200, 60, 0, 512, 220]
[[  0   0   4   8]
 [  2   4   8  32]
 [  2  16  32  64]
 [  0   8  64 256]]
D
[256, 100, 60, 0, 512, 240]
[[  0   0   4   8]
 [  2   4   8  32]
 [  0  16  32  64]
 [  4   8  64 256]]
D
[256, 0, 40, 0, 512, 240]
[[  0   4   4   8]
 [  0   4   8  32]
 [  2  16  32  64]
 [  4   8  64 256]]
D
[256, 100, 40, 0, 512, 200]
[[  2   0   4   8]
 [  0   8   8  32]
 [  2  16  32  64]
 [  4   8  64 256]]
D
[256, 100, 40, 0, 512, 240]
[[  0   0   4   8]
 [  2   8   8  32]
 [  4  16  32  64]
 [  4   8  64 256]]
R
[256, 100, 40, 0, 512, 220]
[[  0   2   4   8]
 [  0   8   8  32]
 [  2  16  32  64]
 [  8   8  64 256]]
D
[256, 200, 60, 0, 512, 160]
[[  0   2   4   8]
 [  2   0  16  32]
 [  2  16  32  64]
 [  0  16  64 256]]
D
[256, 200, 80, 0, 512, 220]
[[  0   0   4   8]
 [  4   0  16  32]
 [  0   2  32  64]
 [  4  32  64 256]]
D
[256, 100, 80, 0, 512, 220]
[[  0   0   4   8]
 [  2   0  16  32]
 [  0   2  32  64]
 [  8  32  64 256]]
R
[256, 0, 60, 0, 512, 240]
[[  0   0   4   8]
 [  4   0  16  32]
 [  2   2  32  64]
 [  8  32  64 256]]
D
[256, 100, 60, 0, 512, 260]
[[  0   2   4   8]
 [  0   4  16  32]
 [  0   4  32  64]
 [  8  32  64 256]]
U
[256, 100, 60, 0, 512, 260]
[[  0   0   4   8]
 [  0   2  16  32]
 [  4   8  32  64]
 [  8  32  64 256]]
D
[256, 0, 40, 0, 512, 240]
[[  4   2   4   8]
 [  8   8  16  32]
 [  0  32  32  64]
 [  0   2  64 256]]
R
[256, 0, 20, 0, 512, 200]
[[  0   2   4   8]
 [  2   8  16  32]
 [  4  32  32  64]
 [  8   2  64 256]]
D
[256, 100, 20, 0, 512, 180]
[[  0   2   4   8]
 [  2   8  16  32]
 [  4   4  64  64]
 [  8   2  64 256]]
D
[256, 100, 20, 0, 512, 140]
[[  2   2   0   8]
 [  2   8   4  32]
 [  4   4  16  64]
 [  8   2 128 256]]
D
[256, 100, 20, 0, 512, 160]
[[  0   2   2   8]
 [  4   8   4  32]
 [  4   4  16  64]
 [  8   2 128 256]]
D
[256, 100, 20, 0, 512, 140]
[[  2   2   2   8]
 [  0   8   4  32]
 [  8   4  16  64]
 [  8   2 128 256]]
D
[256, 100, 20, 0, 512, 140]
[[  2   2   2   8]
 [  0   8   4  32]
 [  2   4  16  64]
 [ 16   2 128 256]]
R
[256, 100, 20, 0, 512, 140]
[[  0   2   2   8]
 [  2   8   4  32]
 [  4   4  16  64]
 [ 16   2 128 256]]
D
[256, 200, 40, 0, 512, 120]
[[  0   2   4   8]
 [  2   8   4  32]
 [  0   8  16  64]
 [ 16   2 128 256]]
D
[256, 200, 60, 0, 512, 100]
[[  2   0   0   8]
 [  0   2   8  32]
 [  2  16  16  64]
 [ 16   2 128 256]]
R
[256, 100, 60, 0, 512, 160]
[[  0   0   0   8]
 [  2   2   8  32]
 [  4  16  16  64]
 [ 16   2 128 256]]
D
[256, 200, 80, 0, 512, 180]
[[  2   0   0   8]
 [  0   4   8  32]
 [  0   4  32  64]
 [ 16   2 128 256]]
U
[256, 100, 80, 0, 512, 220]
[[  0   0   2   8]
 [  0   0   8  32]
 [  2   8  32  64]
 [ 16   2 128 256]]
D
[256, 0, 60, 0, 512, 140]
[[  2   8   2   8]
 [ 16   2   8  32]
 [  0   0  32  64]
 [  2   0 128 256]]
R
[256, 0, 40, 0, 512, 120]
[[  0   0   2   8]
 [  2   2   8  32]
 [ 16   8  32  64]
 [  2   2 128 256]]
U
[256, 200, 60, 0, 512, 240]
[[  0   0   2   8]
 [  0   4   8  32]
 [ 16   8  32  64]
 [  2   4 128 256]]
D
[256, 0, 40, 0, 512, 180]
[[ 16   4   2   8]
 [  2   8   8  32]
 [  2   4  32  64]
 [  0   0 128 256]]
D
[256, 100, 40, 0, 512, 140]
[[  2   0   2   8]
 [  0   4   8  32]
 [ 16   8  32  64]
 [  4   4 128 256]]
R
[256, 0, 20, 0, 512, 180]
[[  0   2   2   8]
 [  2   4   8  32]
 [ 16   8  32  64]
 [  4   4 128 256]]
D
[256, 200, 40, 0, 512, 220]
[[  0   2   4   8]
 [  2   4   8  32]
 [ 16   8  32  64]
 [  0   8 128 256]]
D
[256, 100, 40, 0, 512, 140]
[[  2   0   4   8]
 [  0   2   8  32]
 [  2   4  32  64]
 [ 16  16 128 256]]
D
[256, 100, 40, 0, 512, 180]
[[  0   2   4   8]
 [  0   2   8  32]
 [  4   4  32  64]
 [ 16  16 128 256]]
D
[256, 100, 40, 0, 512, 200]
[[  0   2   4   8]
 [  0   4   8  32]
 [  4   4  32  64]
 [ 16  16 128 256]]
D
[256, 100, 40, 0, 512, 200]
[[  0   2   4   8]
 [  0   2   8  32]
 [  4   8  32  64]
 [ 16  16 128 256]]
R
[256, 100, 40, 0, 512, 260]
[[  0   2   4   8]
 [  0   4   8  32]
 [  4   8  32  64]
 [ 16  16 128 256]]
D
[256, 100, 40, 0, 512, 200]
[[  2   2   4   8]
 [  0   4   8  32]
 [  4   8  32  64]
 [  0  32 128 256]]
D
[256, 0, 20, 0, 512, 220]
[[  0   2   4   8]
 [  2   4   8  32]
 [  2   8  32  64]
 [  4  32 128 256]]
D
[256, 100, 20, 0, 512, 200]
[[  2   2   4   8]
 [  0   4   8  32]
 [  4   8  32  64]
 [  4  32 128 256]]
D
[256, 100, 20, 0, 512, 180]
[[  2   2   4   8]
 [  0   4   8  32]
 [  2   8  32  64]
 [  8  32 128 256]]
D
[256, 100, 20, 0, 512, 220]
[[  2   2   4   8]
 [  0   4   8  32]
 [  4   8  32  64]
 [  8  32 128 256]]
D
[256, 0, 0, 0, 512, 260]
[[  2   2   4   8]
 [  2   4   8  32]
 [  4   8  32  64]
 [  8  32 128 256]]
D
[256, 100, 0, 0, 512, 240]
[[  2   2   4   8]
 [  4   4   8  32]
 [  4   8  32  64]
 [  8  32 128 256]]
D
[256, 100, 0, 0, 512, 200]
[[  2   2   4   8]
 [  2   4   8  32]
 [  8   8  32  64]
 [  8  32 128 256]]
D
[256, 200, 20, 0, 512, 220]
[[  2   2   4   8]
 [  0   4   8  32]
 [  4   8  32  64]
 [ 16  32 128 256]]
D
[256, 0, 0, 0, 512, 260]
[[  2   2   4   8]
 [  2   4   8  32]
 [  4   8  32  64]
 [ 16  32 128 256]]
D
[256, 100, 0, 0, 512, 240]
[[  2   2   4   8]
 [  4   4   8  32]
 [  4   8  32  64]
 [ 16  32 128 256]]
D
[256, 100, 0, 0, 512, 240]
[[  2   2   4   8]
 [  2   4   8  32]
 [  8   8  32  64]
 [ 16  32 128 256]]
R
[256, 100, 0, 0, 512, 260]
[[  2   2   4   8]
 [  4   4   8  32]
 [  8   8  32  64]
 [ 16  32 128 256]]
D
[256, 300, 40, 0, 512, 200]
[[  0   4   4   8]
 [  2   8   8  32]
 [  0  16  32  64]
 [ 16  32 128 256]]
D
[256, 0, 20, 0, 512, 220]
[[  2   4   4   8]
 [  0   8   8  32]
 [  2  16  32  64]
 [ 16  32 128 256]]
R
[256, 100, 20, 0, 512, 220]
[[  0   4   4   8]
 [  2   8   8  32]
 [  4  16  32  64]
 [ 16  32 128 256]]
R
[256, 200, 40, 0, 512, 240]
[[  0   0   8   8]
 [  2   2  16  32]
 [  4  16  32  64]
 [ 16  32 128 256]]
U
[256, 200, 60, 0, 512, 300]
[[  0   0   0  16]
 [  2   4  16  32]
 [  4  16  32  64]
 [ 16  32 128 256]]
R
[256, 0, 40, 0, 512, 220]
[[  2   4  16  16]
 [  4  16  32  32]
 [ 16  32 128  64]
 [  2   0   0 256]]
D
[256, 200, 60, 0, 512, 140]
[[  0   2   4  32]
 [  0   4  16  64]
 [ 16  32 128  64]
 [  0   2   2 256]]
R
[256, 100, 60, 0, 512, 180]
[[  0   2   4   2]
 [  0   4  16  32]
 [  0  32 128 128]
 [ 16   2   2 256]]
D
[256, 200, 80, 0, 256, 140]
[[  0   2   4   2]
 [  0   4  16  32]
 [  2   0  32 256]
 [  0  16   4 256]]
D
[512, 100, 80, 0, 1024, 140]
[[  0   0   4   0]
 [  0   2  16   2]
 [  2   4  32  32]
 [  2  16   4 512]]
D
[512, 100, 80, 0, 1024, 180]
[[  0   0   4   2]
 [  0   2  16   2]
 [  0   4  32  32]
 [  4  16   4 512]]
R
[512, 100, 80, 0, 1024, 80]
[[  2   0   4   0]
 [  0   2  16   4]
 [  0   4  32  32]
 [  4  16   4 512]]
R
[512, 100, 80, 0, 1024, 100]
[[  2   0   2   4]
 [  0   2  16   4]
 [  0   0   4  64]
 [  4  16   4 512]]
R
[512, 100, 80, 0, 1024, 100]
[[  0   0   4   4]
 [  0   2  16   4]
 [  2   0   4  64]
 [  4  16   4 512]]
R
[512, 100, 80, 0, 1024, 120]
[[  0   0   0   8]
 [  2   2  16   4]
 [  0   2   4  64]
 [  4  16   4 512]]
R
[512, 100, 80, 0, 1024, 160]
[[  0   2   0   8]
 [  0   4  16   4]
 [  0   2   4  64]
 [  4  16   4 512]]
R
[512, 0, 60, 0, 1024, 100]
[[  2   0   2   8]
 [  0   4  16   4]
 [  0   2   4  64]
 [  4  16   4 512]]
R
[512, 100, 60, 0, 1024, 120]
[[  2   0   4   8]
 [  0   4  16   4]
 [  0   2   4  64]
 [  4  16   4 512]]
R
[512, 0, 40, 0, 1024, 180]
[[  0   2   4   8]
 [  0   4  16   4]
 [  2   2   4  64]
 [  4  16   4 512]]
R
[512, 100, 40, 0, 1024, 100]
[[  0   2   4   8]
 [  2   4  16   4]
 [  0   4   4  64]
 [  4  16   4 512]]
D
[512, 100, 40, 0, 1024, 160]
[[  0   2   4   8]
 [  2   4  16   4]
 [  0   2   8  64]
 [  4  16   4 512]]
D
[512, 0, 20, 0, 1024, 180]
[[  0   2   4   8]
 [  2   4  16   4]
 [  2   2   8  64]
 [  4  16   4 512]]
R
[512, 100, 20, 0, 1024, 160]
[[  2   2   4   8]
 [  0   4  16   4]
 [  4   2   8  64]
 [  4  16   4 512]]
R
[512, 100, 20, 0, 1024, 160]
[[  0   4   4   8]
 [  2   4  16   4]
 [  4   2   8  64]
 [  4  16   4 512]]
D
[512, 100, 20, 0, 1024, 180]
[[  0   2   8   8]
 [  2   4  16   4]
 [  4   2   8  64]
 [  4  16   4 512]]
D
[512, 100, 20, 0, 1024, 140]
[[  2   2   8   8]
 [  0   4  16   4]
 [  2   2   8  64]
 [  8  16   4 512]]
R
[512, 100, 20, 0, 1024, 220]
[[  0   2   8   8]
 [  2   4  16   4]
 [  4   2   8  64]
 [  8  16   4 512]]
R
[512, 100, 20, 0, 1024, 160]
[[  2   0   2  16]
 [  2   4  16   4]
 [  4   2   8  64]
 [  8  16   4 512]]
D
[512, 100, 20, 0, 1024, 160]
[[  2   0   4  16]
 [  2   4  16   4]
 [  4   2   8  64]
 [  8  16   4 512]]
R
[512, 100, 20, 0, 1024, 120]
[[  0   4   4  16]
 [  4   4  16   4]
 [  4   2   8  64]
 [  8  16   4 512]]
U
[512, 200, 40, 0, 1024, 240]
[[  0   4   8  16]
 [  0   8  16   4]
 [  4   2   8  64]
 [  8  16   4 512]]
R
[512, 0, 20, 0, 1024, 200]
[[  4   4   8  16]
 [  8   8  16   4]
 [  4   2   8  64]
 [  0  16   4 512]]
D
[512, 200, 40, 0, 1024, 120]
[[  2   8   8  16]
 [  0  16  16   4]
 [  4   2   8  64]
 [  0  16   4 512]]
D
[512, 0, 20, 0, 1024, 120]
[[  0   8   8  16]
 [  2  16  16   4]
 [  2   2   8  64]
 [  4  16   4 512]]
D
[512, 100, 20, 0, 1024, 140]
[[  0   8   8  16]
 [  2  16  16   4]
 [  4   2   8  64]
 [  4  16   4 512]]
D
[512, 100, 20, 0, 1024, 120]
[[  0   8   8  16]
 [  2  16  16   4]
 [  2   2   8  64]
 [  8  16   4 512]]
D
[512, 100, 20, 0, 1024, 160]
[[  2   8   8  16]
 [  0  16  16   4]
 [  4   2   8  64]
 [  8  16   4 512]]
D
[512, 0, 0, 0, 1024, 180]
[[  2   8   8  16]
 [  2  16  16   4]
 [  4   2   8  64]
 [  8  16   4 512]]
D
[512, 100, 0, 0, 1024, 180]
[[  2   8   8  16]
 [  4  16  16   4]
 [  4   2   8  64]
 [  8  16   4 512]]
D
[512, 100, 0, 0, 1024, 120]
[[  2   8   8  16]
 [  2  16  16   4]
 [  8   2   8  64]
 [  8  16   4 512]]
R
[512, 200, 20, 0, 1024, 140]
[[  0   8   8  16]
 [  2  16  16   4]
 [  4   2   8  64]
 [ 16  16   4 512]]
R
[512, 300, 60, 0, 1024, 100]
[[  0   2  16  16]
 [  0   2  32   4]
 [  4   2   8  64]
 [  0  32   4 512]]
R
[512, 100, 60, 0, 1024, 80]
[[  0   2   2  32]
 [  0   2  32   4]
 [  4   2   8  64]
 [  0  32   4 512]]
D
[512, 100, 60, 0, 1024, 140]
[[  0   0   4  32]
 [  0   2  32   4]
 [  4   2   8  64]
 [  2  32   4 512]]
R
[512, 100, 60, 0, 1024, 160]
[[  0   0   4  32]
 [  0   2  32   4]
 [  4   4   8  64]
 [  2  32   4 512]]
R
[512, 100, 60, 0, 1024, 100]
[[  0   0   4  32]
 [  0   2  32   4]
 [  2   8   8  64]
 [  2  32   4 512]]
R
[512, 100, 60, 0, 1024, 100]
[[  0   0   4  32]
 [  0   2  32   4]
 [  2   2  16  64]
 [  2  32   4 512]]
D
[512, 100, 60, 0, 1024, 140]
[[  0   2   4  32]
 [  0   2  32   4]
 [  0   4  16  64]
 [  2  32   4 512]]
D
[512, 100, 60, 0, 1024, 140]
[[  0   2   4  32]
 [  0   4  32   4]
 [  0   4  16  64]
 [  2  32   4 512]]
D
[512, 100, 60, 0, 1024, 120]
[[  0   0   4  32]
 [  0   2  32   4]
 [  2   8  16  64]
 [  2  32   4 512]]
D
[512, 100, 60, 0, 1024, 80]
[[  2   0   4  32]
 [  0   2  32   4]
 [  0   8  16  64]
 [  4  32   4 512]]
D
[512, 0, 40, 0, 1024, 120]
[[  0   2   4  32]
 [  0   2  32   4]
 [  2   8  16  64]
 [  4  32   4 512]]
U
[512, 100, 40, 0, 1024, 160]
[[  0   2   4  32]
 [  0   4  32   4]
 [  2   8  16  64]
 [  4  32   4 512]]
D
[512, 0, 20, 0, 1024, 140]
[[  2   2   4  32]
 [  4   4  32   4]
 [  2   8  16  64]
 [  0  32   4 512]]
D
[512, 0, 0, 0, 1024, 180]
[[  2   2   4  32]
 [  2   4  32   4]
 [  4   8  16  64]
 [  2  32   4 512]]
D
[512, 100, 0, 0, 1024, 160]
[[  2   2   4  32]
 [  4   4  32   4]
 [  4   8  16  64]
 [  2  32   4 512]]
D
[512, 100, 0, 0, 1024, 120]
[[  2   2   4  32]
 [  2   4  32   4]
 [  8   8  16  64]
 [  2  32   4 512]]
R
[512, 100, 0, 0, 1024, 140]
[[  2   2   4  32]
 [  4   4  32   4]
 [  8   8  16  64]
 [  2  32   4 512]]
D
[512, 300, 40, 0, 1024, 120]
[[  0   4   4  32]
 [  0   8  32   4]
 [  2  16  16  64]
 [  2  32   4 512]]
R
[512, 100, 40, 0, 1024, 140]
[[  0   4   4  32]
 [  0   8  32   4]
 [  2  16  16  64]
 [  4  32   4 512]]
D
[512, 200, 60, 0, 1024, 60]
[[  0   0   8  32]
 [  2   8  32   4]
 [  0   2  32  64]
 [  4  32   4 512]]
D
[512, 100, 60, 0, 1024, 120]
[[  0   0   0  32]
 [  2   8   8   4]
 [  2   2  64  64]
 [  4  32   4 512]]
L
[512, 100, 60, 0, 1024, 80]
[[  0   2   0  32]
 [  0   8   8   4]
 [  4   2  64  64]
 [  4  32   4 512]]
R
[512, 200, 80, 0, 1024, 200]
[[  2  32   0   0]
 [ 16   4   0   0]
 [  4   2 128   2]
 [  4  32   4 512]]
D
[512, 0, 60, 0, 1024, 120]
[[  0   0   2  32]
 [  0   2  16   4]
 [  4   2 128   2]
 [  4  32   4 512]]
U
[512, 200, 80, 0, 1024, 160]
[[  0   0   2  32]
 [  0   2  16   4]
 [  0   4 128   2]
 [  8  32   4 512]]
R
[512, 0, 60, 0, 1024, 80]
[[  8   2   2  32]
 [  0   4  16   4]
 [  2  32 128   2]
 [  0   0   4 512]]
D
[512, 100, 60, 0, 1024, 120]
[[  4   8   4  32]
 [  0   4  16   4]
 [  2  32 128   2]
 [  0   0   4 512]]
R
[512, 0, 40, 0, 1024, 140]
[[  0   0   4  32]
 [  2   8  16   4]
 [  4   4 128   2]
 [  2  32   4 512]]
D
[512, 100, 40, 0, 1024, 40]
[[  2   0   4  32]
 [  2   8  16   4]
 [  0   8 128   2]
 [  2  32   4 512]]
U
[512, 200, 60, 0, 1024, 140]
[[  0   0   4  32]
 [  0   4  16   4]
 [  2  16 128   2]
 [  4  32   4 512]]
R
[512, 0, 40, 0, 1024, 140]
[[  2   4   4  32]
 [  4  16  16   4]
 [  0  32 128   2]
 [  0   2   4 512]]
R
[512, 200, 60, 0, 1024, 140]
[[  2   2   8  32]
 [  0   4  32   4]
 [  0  32 128   2]
 [  0   2   4 512]]
D
[512, 100, 60, 0, 1024, 100]
[[  0   4   8  32]
 [  0   4  32   4]
 [  2  32 128   2]
 [  0   2   4 512]]
R
[512, 100, 60, 0, 1024, 120]
[[  0   0   8  32]
 [  0   8  32   4]
 [  2  32 128   2]
 [  2   2   4 512]]
D
[512, 100, 60, 0, 1024, 60]
[[  0   0   8  32]
 [  2   8  32   4]
 [  2  32 128   2]
 [  0   4   4 512]]
R
[512, 100, 60, 0, 1024, 60]
[[  0   0   8  32]
 [  2   8  32   4]
 [  0  32 128   2]
 [  4   4   4 512]]
D
[512, 100, 60, 0, 1024, 80]
[[  2   0   8  32]
 [  2   8  32   4]
 [  0  32 128   2]
 [  0   4   8 512]]
R
[512, 100, 60, 0, 1024, 120]
[[  0   2   8  32]
 [  0   8  32   4]
 [  0  32 128   2]
 [  4   4   8 512]]
D
[512, 100, 60, 0, 1024, 100]
[[  2   2   8  32]
 [  0   8  32   4]
 [  0  32 128   2]
 [  0   8   8 512]]
D
[512, 0, 40, 0, 1024, 20]
[[  0   2   8  32]
 [  2   8  32   4]
 [  0  32 128   2]
 [  2   8   8 512]]
R
[512, 100, 40, 0, 1024, 100]
[[  4   2   8  32]
 [  0   8  32   4]
 [  0  32 128   2]
 [  4   8   8 512]]
D
[512, 100, 40, 0, 1024, 100]
[[  4   2   8  32]
 [  0   8  32   4]
 [  0  32 128   2]
 [  2   4  16 512]]
U
[512, 0, 20, 0, 1024, 80]
[[  0   2   8  32]
 [  2   8  32   4]
 [  4  32 128   2]
 [  2   4  16 512]]
D
[512, 0, 0, 0, 1024, 100]
[[  2   2   8  32]
 [  4   8  32   4]
 [  2  32 128   2]
 [  2   4  16 512]]
D
[512, 100, 0, 0, 1024, 40]
[[  2   2   8  32]
 [  2   8  32   4]
 [  4  32 128   2]
 [  4   4  16 512]]
D
[512, 200, 20, 0, 1024, 60]
[[  2   2   8  32]
 [  0   8  32   4]
 [  4  32 128   2]
 [  8   4  16 512]]
