State:
 [[0 0 0 0]
 [0 0 0 0]
 [0 0 2 0]
 [2 2 0 0]]
Action: D
Reward: [13, 0.0, 302, 0, 0, 2, 0]
Total Reward: 317.0

State:
 [[2 0 0 0]
 [0 0 0 0]
 [0 0 0 0]
 [2 2 2 0]]
Action: D
Reward: [12, 0.0, 302, 0, 0, 0, 0]
Total Reward: 314.0

State:
 [[0 0 0 2]
 [0 0 0 0]
 [0 0 0 0]
 [4 2 2 0]]
Action: D
Reward: [12, 10.0, 304, 120, 40, 2, 0]
Total Reward: 488.0

State:
 [[0 0 0 0]
 [0 0 0 0]
 [0 0 0 2]
 [4 2 2 2]]
Action: D
Reward: [11, 10.0, 304, 0, 0, 2, 0]
Total Reward: 327.0

State:
 [[0 0 0 0]
 [0 0 0 0]
 [2 0 0 0]
 [4 2 2 4]]
Action: D
Reward: [11, 10.0, 304, 120, 40, 4, 0]
Total Reward: 489.0

State:
 [[0 0 0 2]
 [0 0 0 0]
 [0 0 0 2]
 [0 4 4 4]]
Action: R
Reward: [11, 10.0, 304, 120, 40, 6, 0]
Total Reward: 491.0

State:
 [[4 0 0 0]
 [0 0 0 0]
 [0 0 0 4]
 [0 4 4 4]]
Action: D
Reward: [11, 0.0, 304, 120, 40, 0, 0]
Total Reward: 475.0

State:
 [[0 0 0 0]
 [0 2 0 0]
 [0 0 0 0]
 [4 4 4 8]]
Action: D
Reward: [11, 20.0, 308, 120, 40, 4, 0]
Total Reward: 503.0

State:
 [[0 0 0 0]
 [2 0 0 0]
 [0 2 0 0]
 [4 4 4 8]]
Action: D
Reward: [10, 30.0, 308, 0, 0, 4, 0]
Total Reward: 352.0

State:
 [[0 0 0 0]
 [0 0 0 0]
 [2 2 2 0]
 [4 4 4 8]]
Action: D
Reward: [9, 40.0, 308, 0, 0, 6, 0]
Total Reward: 363.0

State:
 [[0 0 0 2]
 [0 0 0 0]
 [0 0 2 4]
 [0 4 8 8]]
Action: R
Reward: [10, 45.0, 308, 120, 80, 14, 0]
Total Reward: 577.0

State:
 [[0 0 2 0]
 [0 0 0 2]
 [0 0 2 4]
 [0 4 8 8]]
Action: D
Reward: [9, 45.0, 308, 0, 0, 14, 0]
Total Reward: 376.0

State:
 [[0 0 0 0]
 [2 0 0 2]
 [0 0 4 4]
 [0 4 8 8]]
Action: D
Reward: [9, 40.0, 308, 0, 40, 16, 0]
Total Reward: 413.0

State:
 [[2 0 0 0]
 [0 0 0 2]
 [0 0 4 4]
 [2 4 8 8]]
Action: D
Reward: [8, 50.0, 308, 0, 0, 16, 0]
Total Reward: 382.0

State:
 [[0 0 0 0]
 [0 0 0 2]
 [2 0 4 4]
 [4 4 8 8]]
Action: D
Reward: [8, 60.0, 308, 0, 40, 16, 0]
Total Reward: 432.0

State:
 [[ 0  0  0  2]
 [ 0  0  0  2]
 [ 0  0  2  8]
 [ 0  0  8 16]]
Action: R
Reward: [10, 35.0, 316, 120, 120, 18, 0]
Total Reward: 619.0

State:
 [[ 0  0  0  2]
 [ 0  0  0  4]
 [ 0  0  2  8]
 [ 0  0  8 16]]
Action: D
Reward: [10, 50.0, 316, 0, 40, 18, 0]
Total Reward: 434.0

State:
 [[ 2  4  0  0]
 [ 4  0  0  0]
 [ 2  8  0  0]
 [ 8 16  0  0]]
Action: L
Reward: [9, 50.0, 150, 0, 0, 0, -24]
Total Reward: 185.0

State:
 [[ 2  0  2  0]
 [ 4  4  0  0]
 [ 2  8  0  0]
 [ 8 16  0  0]]
Action: D
Reward: [8, 40.0, 150, 0, 0, 0, -26]
Total Reward: 172.0

State:
 [[ 2  0  2  0]
 [ 4  4  0  0]
 [ 2  8  0  0]
 [ 8 16  2  0]]
Action: D
Reward: [7, 36.66666666666667, 150, 0, 0, 0, -28]
Total Reward: 165.66666666666669

State:
 [[ 2  2  0  0]
 [ 4  4  0  0]
 [ 2  8  0  0]
 [ 8 16  4  0]]
Action: D
Reward: [7, 45.0, 150, 0, 40, 0, -30]
Total Reward: 212.0

State:
 [[ 0  0  0  4]
 [ 0  0  0  8]
 [ 0  2  2  8]
 [ 0  8 16  4]]
Action: R
Reward: [8, 18.333333333333332, 150, 0, 80, 0, -36]
Total Reward: 220.33333333333337

State:
 [[ 0  0  0  0]
 [ 0  0  0  4]
 [ 2  2  2 16]
 [ 0  8 16  4]]
Action: D
Reward: [8, 16.666666666666664, 150, 120, 40, 0, -92]
Total Reward: 242.66666666666663

State:
 [[ 0  0  0  0]
 [ 0  2  0  4]
 [ 0  2  2 16]
 [ 2  8 16  4]]
Action: D
Reward: [7, 31.66666666666666, 150, 0, 0, 0, -88]
Total Reward: 100.66666666666666

State:
 [[ 0  0  0  0]
 [ 0  2  0  4]
 [ 0  4  2 16]
 [ 2  8 16  4]]
Action: D
Reward: [7, 50.0, 150, 0, 40, 0, -92]
Total Reward: 155.0

State:
 [[ 0  0  0  4]
 [ 0  0  2  4]
 [ 0  4  2 16]
 [ 2  8 16  4]]
Action: R
Reward: [6, 40.0, 150, 0, 0, 0, -84]
Total Reward: 112.0

State:
 [[ 0  0  0  0]
 [ 0  2  0  8]
 [ 0  4  4 16]
 [ 2  8 16  4]]
Action: D
Reward: [7, 50.0, 150, 0, 80, 0, -104]
Total Reward: 183.0

State:
 [[ 0  0  0  4]
 [ 0  0  2  8]
 [ 0  0  8 16]
 [ 2  8 16  4]]
Action: R
Reward: [7, 55.0, 150, 0, 40, 0, -96]
Total Reward: 156.0

State:
 [[ 4  0  2  0]
 [ 2  8  0  0]
 [ 8 16  0  0]
 [ 2  8 16  4]]
Action: L
Reward: [6, 48.33333333333333, 150, 0, 0, 0, -100]
Total Reward: 104.33333333333331

State:
 [[ 4  0  0  2]
 [ 2  8  0  0]
 [ 8 16  2  0]
 [ 2  8 16  4]]
Action: D
Reward: [5, 55.0, 150, 0, 0, 0, -96]
Total Reward: 114.0

State:
 [[ 4  0  0  0]
 [ 2  8  0  2]
 [ 8 16  2  2]
 [ 2  8 16  4]]
Action: D
Reward: [4, 40.0, 150, 0, 0, 0, -108]
Total Reward: 86.0

State:
 [[ 4  2  0  0]
 [ 2  8  0  0]
 [ 8 16  2  4]
 [ 2  8 16  4]]
Action: D
Reward: [4, 60.0, 150, 0, 40, 0, -112]
Total Reward: 142.0

State:
 [[ 4  2  0  0]
 [ 2  8  0  4]
 [ 8 16  2  0]
 [ 2  8 16  8]]
Action: D
Reward: [4, 55.0, 150, 0, 40, 0, -104]
Total Reward: 145.0

State:
 [[ 4  2  0  2]
 [ 2  8  0  0]
 [ 8 16  2  4]
 [ 2  8 16  8]]
Action: D
Reward: [3, 75.0, 150, 0, 0, 0, -100]
Total Reward: 128.0

State:
 [[ 4  2  2  0]
 [ 2  8  0  2]
 [ 8 16  2  4]
 [ 2  8 16  8]]
Action: D
Reward: [2, 70.0, 150, 0, 0, 0, -112]
Total Reward: 110.0

State:
 [[ 4  2  2  0]
 [ 2  8  0  2]
 [ 8 16  4  4]
 [ 2  8 16  8]]
Action: D
Reward: [2, 70.0, 150, 0, 40, 0, -116]
Total Reward: 146.0

State:
 [[ 4  2  0  2]
 [ 2  8  2  2]
 [ 8 16  4  4]
 [ 2  8 16  8]]
Action: D
Reward: [1, 70.0, 150, 0, 0, 0, -112]
Total Reward: 109.0

State:
 [[ 4  2  0  2]
 [ 2  8  2  4]
 [ 8 16  4  4]
 [ 2  8 16  8]]
Action: D
Reward: [1, 80.0, 150, 0, 40, 0, -116]
Total Reward: 155.0

State:
 [[ 4  2  2  0]
 [ 2  8  2  2]
 [ 8 16  4  8]
 [ 2  8 16  8]]
Action: D
Reward: [1, 65.0, 150, 0, 40, 0, -128]
Total Reward: 128.0

State:
 [[ 4  2  0  0]
 [ 2  8  4  2]
 [ 8 16  4  2]
 [ 2  8 16 16]]
Action: D
Reward: [2, 68.33333333333334, 316, 120, 80, 22, 0]
Total Reward: 608.3333333333334

State:
 [[ 4  2  0  0]
 [ 2  8  2  0]
 [ 8 16  8  4]
 [ 2  8 16 16]]
Action: D
Reward: [3, 70.0, 316, 0, 80, 28, 0]
Total Reward: 497.0

State:
 [[ 0  0  4  2]
 [ 0  2  8  2]
 [ 8 16  8  4]
 [ 2  2  8 32]]
Action: R
Reward: [3, 58.33333333333333, 332, 120, 40, 20, 0]
Total Reward: 573.3333333333333

State:
 [[ 0  2  0  0]
 [ 0  2  4  4]
 [ 8 16  8  4]
 [ 2  2 16 32]]
Action: D
Reward: [4, 61.66666666666666, 332, 0, 80, 28, 0]
Total Reward: 505.66666666666663

State:
 [[ 0  2  0  0]
 [ 0  4  4  0]
 [ 8 16  8  8]
 [ 2  2 16 32]]
Action: D
Reward: [5, 55.0, 332, 0, 80, 32, 0]
Total Reward: 504.0

State:
 [[ 0  0  2  2]
 [ 0  0  0  8]
 [ 0  8 16 16]
 [ 0  4 16 32]]
Action: R
Reward: [7, 63.33333333333333, 332, 0, 120, 48, 0]
Total Reward: 570.3333333333333

State:
 [[ 2  0  0  2]
 [ 0  0  0  8]
 [ 0  8  2 16]
 [ 0  4 32 32]]
Action: D
Reward: [7, 42.5, 332, 120, 40, 50, 0]
Total Reward: 591.5

State:
 [[ 0  0  2  2]
 [ 0  0  0  8]
 [ 0  8  2 16]
 [ 2  4 32 32]]
Action: D
Reward: [6, 52.5, 332, 0, 0, 50, 0]
Total Reward: 440.5

State:
 [[ 4  0  0  2]
 [ 0  0  0  8]
 [ 0  8  4 16]
 [ 2  4 32 32]]
Action: D
Reward: [6, 76.66666666666667, 332, 0, 40, 52, 0]
Total Reward: 506.6666666666667

State:
 [[ 0  0  0  2]
 [ 0  0  2  8]
 [ 4  8  4 16]
 [ 2  4 32 32]]
Action: D
Reward: [5, 81.66666666666666, 332, 0, 0, 52, 0]
Total Reward: 470.66666666666663

State:
 [[ 0  0  2  2]
 [ 0  0  2  8]
 [ 4  8  4 16]
 [ 0  2  4 64]]
Action: R
Reward: [5, 57.5, 364, 120, 40, 24, 0]
Total Reward: 610.5

State:
 [[ 0  0  0  2]
 [ 0  0  4  8]
 [ 0  8  4 16]
 [ 4  2  8 64]]
Action: D
Reward: [6, 51.66666666666667, 364, 0, 80, 28, 0]
Total Reward: 529.6666666666667

State:
 [[ 0  0  0  2]
 [ 2  0  0  8]
 [ 0  8  8 16]
 [ 4  2  8 64]]
Action: D
Reward: [6, 51.66666666666667, 364, 0, 40, 32, 0]
Total Reward: 493.6666666666667

State:
 [[ 0  2  0  2]
 [ 0  0  0  8]
 [ 2  8  0 16]
 [ 4  2 16 64]]
Action: D
Reward: [6, 46.66666666666667, 364, 0, 40, 32, 0]
Total Reward: 488.6666666666667

State:
 [[ 0  0  0  2]
 [ 0  2  2  8]
 [ 2  8  0 16]
 [ 4  2 16 64]]
Action: D
Reward: [5, 55.0, 364, 0, 0, 32, 0]
Total Reward: 456.0

State:
 [[ 0  0  0  2]
 [ 2  2  0  8]
 [ 2  8  2 16]
 [ 4  2 16 64]]
Action: D
Reward: [4, 43.33333333333333, 364, 0, 0, 34, 0]
Total Reward: 445.3333333333333

State:
 [[ 0  2  0  2]
 [ 0  2  0  8]
 [ 4  8  2 16]
 [ 4  2 16 64]]
Action: D
Reward: [4, 38.333333333333336, 364, 0, 40, 34, 0]
Total Reward: 480.3333333333333

State:
 [[ 0  0  0  2]
 [ 2  4  0  8]
 [ 0  8  2 16]
 [ 8  2 16 64]]
Action: D
Reward: [5, 58.33333333333333, 364, 0, 80, 34, 0]
Total Reward: 541.3333333333333

State:
 [[ 0  2  0  2]
 [ 0  4  0  8]
 [ 2  8  2 16]
 [ 8  2 16 64]]
Action: D
Reward: [4, 60.0, 364, 0, 0, 34, 0]
Total Reward: 462.0

State:
 [[ 2  0  0  4]
 [ 0  0  4  8]
 [ 2  8  2 16]
 [ 8  2 16 64]]
Action: R
Reward: [4, 68.33333333333334, 364, 0, 40, 34, 0]
Total Reward: 510.33333333333337

State:
 [[ 0  2  0  4]
 [ 0  0  4  8]
 [ 4  8  2 16]
 [ 8  2 16 64]]
Action: D
Reward: [4, 73.33333333333334, 364, 0, 40, 34, 0]
Total Reward: 515.3333333333334

State:
 [[ 0  0  4  4]
 [ 0  2  4  8]
 [ 4  8  2 16]
 [ 8  2 16 64]]
Action: D
Reward: [3, 73.33333333333334, 364, 0, 0, 34, 0]
Total Reward: 474.33333333333337

State:
 [[ 0  0  0  4]
 [ 2  2  8  8]
 [ 4  8  2 16]
 [ 8  2 16 64]]
Action: D
Reward: [3, 63.33333333333332, 364, 0, 40, 34, 0]
Total Reward: 504.3333333333333

State:
 [[ 2  0  0  4]
 [ 0  0  4 16]
 [ 4  8  2 16]
 [ 8  2 16 64]]
Action: R
Reward: [4, 68.33333333333334, 364, 0, 80, 34, 0]
Total Reward: 550.3333333333334

State:
 [[ 0  0  0  0]
 [ 2  2  4  4]
 [ 4  8  2 32]
 [ 8  2 16 64]]
Action: D
Reward: [4, 60.83333333333334, 364, 0, 40, 50, 0]
Total Reward: 518.8333333333334

State:
 [[ 2  0  0  0]
 [ 0  0  4  8]
 [ 4  8  2 32]
 [ 8  2 16 64]]
Action: R
Reward: [5, 67.5, 364, 0, 80, 50, 0]
Total Reward: 566.5

State:
 [[ 2  0  0  0]
 [ 2  0  4  8]
 [ 4  8  2 32]
 [ 8  2 16 64]]
Action: D
Reward: [4, 77.5, 364, 0, 0, 50, 0]
Total Reward: 495.5

State:
 [[ 0  0  0  2]
 [ 4  0  4  8]
 [ 4  8  2 32]
 [ 8  2 16 64]]
Action: D
Reward: [4, 62.5, 364, 0, 40, 50, 0]
Total Reward: 520.5

State:
 [[ 0  2  0  2]
 [ 0  0  4  8]
 [ 8  8  2 32]
 [ 8  2 16 64]]
Action: D
Reward: [4, 42.5, 364, 0, 40, 50, 0]
Total Reward: 500.5

State:
 [[ 0  0  0  2]
 [ 0  2  4  8]
 [ 2  8  2 32]
 [16  2 16 64]]
Action: D
Reward: [4, 57.5, 364, 0, 40, 50, 0]
Total Reward: 515.5

State:
 [[ 2  0  0  0]
 [ 2  4  8  2]
 [ 2  8  2 32]
 [16  2 16 64]]
Action: L
Reward: [3, 45.0, 364, 0, 0, 50, 0]
Total Reward: 462.0

State:
 [[ 0  0  0  2]
 [ 2  4  8  2]
 [ 4  8  2 32]
 [16  2 16 64]]
Action: D
Reward: [3, 61.66666666666666, 364, 0, 40, 50, 0]
Total Reward: 518.6666666666666

State:
 [[ 0  0  0  2]
 [ 2  4  8  4]
 [ 4  8  2 32]
 [16  2 16 64]]
Action: D
Reward: [3, 67.5, 364, 0, 40, 50, 0]
Total Reward: 524.5

State:
 [[ 2  2  0  0]
 [ 2  4  8  4]
 [ 4  8  2 32]
 [16  2 16 64]]
Action: L
Reward: [2, 67.5, 364, 0, 0, 50, 0]
Total Reward: 483.5

State:
 [[ 2  2  0  0]
 [ 4  4  8  4]
 [ 4  8  2 32]
 [16  2 16 64]]
Action: D
Reward: [2, 57.5, 364, 0, 40, 50, 0]
Total Reward: 513.5

State:
 [[ 0  2  0  2]
 [ 2  4  8  4]
 [ 8  8  2 32]
 [16  2 16 64]]
Action: D
Reward: [2, 72.5, 364, 0, 40, 50, 0]
Total Reward: 528.5

State:
 [[ 0  0  2  4]
 [ 2  4  8  4]
 [ 0 16  2 32]
 [16  2 16 64]]
Action: R
Reward: [3, 47.5, 364, 0, 80, 50, 0]
Total Reward: 544.5

State:
 [[ 0  2  2  0]
 [ 0  4  8  8]
 [ 2 16  2 32]
 [16  2 16 64]]
Action: D
Reward: [3, 50.83333333333333, 364, 0, 40, 50, 0]
Total Reward: 507.8333333333333

State:
 [[ 0  0  0  4]
 [ 0  2  4 16]
 [ 2 16  2 32]
 [16  2 16 64]]
Action: R
Reward: [4, 57.5, 364, 0, 80, 50, 0]
Total Reward: 555.5

State:
 [[ 4  0  0  2]
 [ 2  4 16  0]
 [ 2 16  2 32]
 [16  2 16 64]]
Action: L
Reward: [3, 53.33333333333334, 364, 0, 0, 50, 0]
Total Reward: 470.33333333333337

State:
 [[ 0  0  2  0]
 [ 4  4 16  2]
 [ 4 16  2 32]
 [16  2 16 64]]
Action: D
Reward: [3, 33.333333333333336, 364, 0, 40, 50, 0]
Total Reward: 490.3333333333333

State:
 [[ 0  0  2  2]
 [ 0  4 16  2]
 [ 8 16  2 32]
 [16  2 16 64]]
Action: D
Reward: [3, 43.33333333333334, 364, 0, 40, 50, 0]
Total Reward: 500.33333333333337

State:
 [[ 2  0  2  0]
 [ 0  4 16  4]
 [ 8 16  2 32]
 [16  2 16 64]]
Action: D
Reward: [3, 47.5, 364, 0, 40, 50, 0]
Total Reward: 504.5

State:
 [[ 0  2  2  0]
 [ 2  4 16  4]
 [ 8 16  2 32]
 [16  2 16 64]]
Action: D
Reward: [2, 67.50000000000001, 364, 0, 0, 50, 0]
Total Reward: 483.5

State:
 [[ 0  0  4  4]
 [ 2  4 16  4]
 [ 8 16  2 32]
 [16  2 16 64]]
Action: R
Reward: [2, 59.16666666666667, 364, 0, 40, 50, 0]
Total Reward: 515.1666666666667

State:
 [[ 2  0  4  0]
 [ 2  4 16  8]
 [ 8 16  2 32]
 [16  2 16 64]]
Action: D
Reward: [2, 65.83333333333334, 364, 0, 40, 50, 0]
Total Reward: 521.8333333333334

State:
 [[ 0  0  4  4]
 [ 4  4 16  8]
 [ 8 16  2 32]
 [16  2 16 64]]
Action: D
Reward: [2, 70.83333333333333, 364, 0, 40, 50, 0]
Total Reward: 526.8333333333333

State:
 [[ 2  0  0  8]
 [ 0  8 16  8]
 [ 8 16  2 32]
 [16  2 16 64]]
Action: R
Reward: [3, 55.83333333333334, 364, 0, 80, 50, 0]
Total Reward: 552.8333333333334

State:
 [[ 0  0  0  2]
 [ 2  8 16 16]
 [ 8 16  2 32]
 [16  2 16 64]]
Action: D
Reward: [3, 74.16666666666667, 364, 0, 40, 50, 0]
Total Reward: 531.1666666666667

State:
 [[ 2  0  0  2]
 [ 0  2  8 32]
 [ 8 16  2 32]
 [16  2 16 64]]
Action: R
Reward: [3, 53.33333333333334, 364, 0, 40, 50, 0]
Total Reward: 510.33333333333337

State:
 [[ 0  2  0  0]
 [ 2  2  8  2]
 [ 8 16  2 64]
 [16  2 16 64]]
Action: D
Reward: [3, 32.333333333333336, 364, 120, 40, 82, 0]
Total Reward: 641.3333333333333

State:
 [[  0   2   0   0]
 [  2   4   8   0]
 [  8  16   2   2]
 [ 16   2  16 128]]
Action: D
Reward: [4, 60.0, 428, 120, 80, 20, 0]
Total Reward: 712.0

State:
 [[  0   0   0   2]
 [  2   2   4   8]
 [  0   8  16   4]
 [ 16   2  16 128]]
Action: R
Reward: [4, 39.66666666666667, 428, 0, 40, 36, 0]
Total Reward: 547.6666666666667

State:
 [[  0   2   0   2]
 [  0   2   0   8]
 [  2   8   4   4]
 [ 16   2  32 128]]
Action: D
Reward: [4, 23.833333333333332, 428, 0, 40, 40, 0]
Total Reward: 535.8333333333333

State:
 [[  0   0   0   2]
 [  0   4   2   8]
 [  2   8   4   4]
 [ 16   2  32 128]]
Action: D
Reward: [4, 38.83333333333333, 428, 0, 40, 40, 0]
Total Reward: 550.8333333333333

State:
 [[  0   2   0   2]
 [  0   4   2   8]
 [  0   2   8   8]
 [ 16   2  32 128]]
Action: R
Reward: [4, 31.66666666666667, 428, 0, 40, 48, 0]
Total Reward: 551.6666666666667

State:
 [[  0   2   0   0]
 [  0   2   2   2]
 [  0   4   8  16]
 [ 16   4  32 128]]
Action: D
Reward: [5, 50.0, 428, 0, 80, 56, 0]
Total Reward: 619.0

State:
 [[  0   2   0   0]
 [  0   0   2   2]
 [  0   4   8  16]
 [ 16   8  32 128]]
Action: D
Reward: [6, 56.66666666666666, 428, 0, 80, 56, 0]
Total Reward: 626.6666666666666

State:
 [[  0   0   0   2]
 [  0   2   2   2]
 [  0   4   8  16]
 [ 16   8  32 128]]
Action: D
Reward: [5, 56.66666666666666, 428, 0, 0, 56, 0]
Total Reward: 545.6666666666666

State:
 [[  2   0   0   0]
 [  0   2   2   4]
 [  0   4   8  16]
 [ 16   8  32 128]]
Action: D
Reward: [5, 71.66666666666667, 428, 0, 40, 56, 0]
Total Reward: 600.6666666666667

State:
 [[  0   0   2   0]
 [  0   2   2   4]
 [  2   4   8  16]
 [ 16   8  32 128]]
Action: D
Reward: [4, 81.66666666666669, 428, 0, 0, 56, 0]
Total Reward: 569.6666666666667

State:
 [[  0   0   0   2]
 [  0   2   4   4]
 [  2   4   8  16]
 [ 16   8  32 128]]
Action: D
Reward: [4, 96.66666666666669, 428, 0, 40, 56, 0]
Total Reward: 624.6666666666667

State:
 [[  0   0   0   2]
 [  0   2   2   8]
 [  2   4   8  16]
 [ 16   8  32 128]]
Action: R
Reward: [4, 86.66666666666669, 428, 0, 40, 56, 0]
Total Reward: 614.6666666666667

State:
 [[  0   0   2   2]
 [  0   0   4   8]
 [  2   4   8  16]
 [ 16   8  32 128]]
Action: R
Reward: [4, 96.66666666666666, 428, 0, 40, 56, 0]
Total Reward: 624.6666666666666

State:
 [[  0   0   2   4]
 [  0   0   4   8]
 [  2   4   8  16]
 [ 16   8  32 128]]
Action: R
Reward: [4, 111.66666666666666, 428, 0, 40, 56, 0]
Total Reward: 639.6666666666666

State:
 [[  2   4   0   0]
 [  4   8   2   0]
 [  2   4   8  16]
 [ 16   8  32 128]]
Action: L
Reward: [3, 71.66666666666666, 428, 0, 0, 56, 0]
Total Reward: 558.6666666666666

State:
 [[  0   0   2   4]
 [  2   4   8   2]
 [  2   4   8  16]
 [ 16   8  32 128]]
Action: R
Reward: [2, 81.66666666666666, 428, 0, 0, 56, 0]
Total Reward: 567.6666666666666

State:
 [[  0   2   0   4]
 [  0   0   2   2]
 [  4   8  16  16]
 [ 16   8  32 128]]
Action: D
Reward: [4, 56.66666666666666, 428, 0, 120, 64, 0]
Total Reward: 672.6666666666666

State:
 [[  0   2   0   4]
 [  0   0   2   2]
 [  4   2  16  16]
 [ 16  16  32 128]]
Action: D
Reward: [4, 56.66666666666667, 428, 0, 40, 64, 0]
Total Reward: 592.6666666666667

State:
 [[  0   0   0   4]
 [  0   2   2   2]
 [  4   4  16  16]
 [ 16  16  32 128]]
Action: D
Reward: [4, 56.66666666666666, 428, 0, 40, 64, 0]
Total Reward: 592.6666666666666

State:
 [[  0   0   0   4]
 [  0   0   2   4]
 [  0   0   8  32]
 [  2  32  32 128]]
Action: R
Reward: [7, 40.83333333333333, 428, 0, 160, 72, 0]
Total Reward: 707.8333333333333

State:
 [[  0   0   0   0]
 [  0   2   2   8]
 [  0   0   8  32]
 [  2  32  32 128]]
Action: D
Reward: [7, 40.0, 428, 0, 40, 72, 0]
Total Reward: 587.0

State:
 [[  0   0   0   0]
 [  0   2   2   8]
 [  0   2   8  32]
 [  2  32  32 128]]
Action: D
Reward: [6, 45.0, 428, 0, 0, 72, 0]
Total Reward: 551.0

State:
 [[  0   0   0   2]
 [  0   0   2   8]
 [  0   4   8  32]
 [  2  32  32 128]]
Action: D
Reward: [6, 55.83333333333333, 428, 0, 40, 72, 0]
Total Reward: 601.8333333333333

State:
 [[  0   0   0   2]
 [  0   0   2   8]
 [  0   4   8  32]
 [  2   2  64 128]]
Action: R
Reward: [6, 65.33333333333333, 428, 0, 40, 104, 0]
Total Reward: 643.3333333333333

State:
 [[  0   0   0   2]
 [  2   0   2   8]
 [  0   4   8  32]
 [  0   4  64 128]]
Action: R
Reward: [6, 55.83333333333333, 428, 0, 40, 104, 0]
Total Reward: 633.8333333333333

State:
 [[  0   0   0   2]
 [  2   0   2   8]
 [  0   0   8  32]
 [  2   8  64 128]]
Action: D
Reward: [6, 51.66666666666666, 428, 0, 40, 104, 0]
Total Reward: 629.6666666666666

State:
 [[  0   0   0   2]
 [  0   0   2   8]
 [  0   2   8  32]
 [  4   8  64 128]]
Action: D
Reward: [6, 66.66666666666666, 428, 0, 40, 104, 0]
Total Reward: 644.6666666666666

State:
 [[  2   0   0   0]
 [  2   8   0   0]
 [  2   8  32   2]
 [  4   8  64 128]]
Action: L
Reward: [5, 57.5, 428, 0, 0, 98, 0]
Total Reward: 588.5

State:
 [[  0   0   0   0]
 [  2   2   0   0]
 [  4   8  32   2]
 [  4  16  64 128]]
Action: D
Reward: [6, 69.16666666666666, 428, 0, 80, 98, 0]
Total Reward: 681.1666666666666

State:
 [[  0   0   2   0]
 [  0   2   0   0]
 [  2   8  32   2]
 [  8  16  64 128]]
Action: D
Reward: [6, 66.66666666666666, 428, 0, 40, 98, 0]
Total Reward: 638.6666666666666

State:
 [[  0   0   0   0]
 [  0   2   2   2]
 [  2   8  32   2]
 [  8  16  64 128]]
Action: D
Reward: [5, 66.66666666666666, 428, 0, 0, 98, 0]
Total Reward: 597.6666666666666

State:
 [[  0   0   0   0]
 [  2   2   2   0]
 [  2   8  32   4]
 [  8  16  64 128]]
Action: D
Reward: [5, 66.16666666666667, 428, 0, 40, 100, 0]
Total Reward: 639.1666666666667

State:
 [[  0   0   0   0]
 [  4   2   2   0]
 [  4   8  32   4]
 [  8  16  64 128]]
Action: D
Reward: [5, 86.16666666666667, 428, 0, 40, 100, 0]
Total Reward: 659.1666666666666

State:
 [[  2   0   0   0]
 [  0   2   2   0]
 [  8   8  32   4]
 [  8  16  64 128]]
Action: D
Reward: [5, 61.16666666666667, 428, 0, 40, 100, 0]
Total Reward: 634.1666666666667

State:
 [[  0   0   0   2]
 [  0   2   2   0]
 [  2   8  32   4]
 [ 16  16  64 128]]
Action: D
Reward: [5, 64.5, 428, 0, 40, 100, 0]
Total Reward: 637.5

State:
 [[  0   0   2   0]
 [  0   2   2   2]
 [  2   8  32   4]
 [ 16  16  64 128]]
Action: D
Reward: [4, 64.5, 428, 0, 0, 100, 0]
Total Reward: 596.5

State:
 [[  0   0   0   2]
 [  0   2   4   2]
 [  2   8  32   4]
 [ 16  16  64 128]]
Action: D
Reward: [4, 65.33333333333333, 428, 0, 40, 100, 0]
Total Reward: 637.3333333333333

State:
 [[  0   0   0   0]
 [  2   2   4   4]
 [  2   8  32   4]
 [ 16  16  64 128]]
Action: D
Reward: [4, 65.33333333333333, 428, 0, 40, 100, 0]
Total Reward: 637.3333333333333

State:
 [[  0   2   0   0]
 [  0   2   4   0]
 [  4   8  32   8]
 [ 16  16  64 128]]
Action: D
Reward: [5, 70.83333333333333, 428, 0, 80, 104, 0]
Total Reward: 687.8333333333333

State:
 [[  0   0   0   2]
 [  0   4   4   0]
 [  4   8  32   8]
 [ 16  16  64 128]]
Action: D
Reward: [5, 70.83333333333333, 428, 0, 40, 104, 0]
Total Reward: 647.8333333333333

State:
 [[  0   0   0   0]
 [  2   4   4   2]
 [  4   8  32   8]
 [ 16  16  64 128]]
Action: D
Reward: [4, 80.83333333333331, 428, 0, 0, 104, 0]
Total Reward: 616.8333333333333

State:
 [[  2   0   0   0]
 [  0   2   8   2]
 [  4   8  32   8]
 [  0  32  64 128]]
Action: R
Reward: [5, 72.5, 428, 0, 80, 104, 0]
Total Reward: 689.5

State:
 [[  0   0   2   0]
 [  0   2   8   2]
 [  2   8  32   8]
 [  4  32  64 128]]
Action: D
Reward: [4, 75.83333333333333, 428, 0, 0, 104, 0]
Total Reward: 611.8333333333333

State:
 [[  0   0   2   2]
 [  0   2   8   2]
 [  2   8  32   8]
 [  4  32  64 128]]
Action: R
Reward: [3, 75.83333333333333, 428, 0, 0, 104, 0]
Total Reward: 610.8333333333333

State:
 [[  0   0   2   2]
 [  0   2   8   4]
 [  2   8  32   8]
 [  4  32  64 128]]
Action: D
Reward: [3, 95.83333333333331, 428, 0, 40, 104, 0]
Total Reward: 670.8333333333333

State:
 [[  0   0   0   4]
 [  2   2   8   4]
 [  2   8  32   8]
 [  4  32  64 128]]
Action: R
Reward: [3, 80.83333333333331, 428, 0, 40, 104, 0]
Total Reward: 655.8333333333333

State:
 [[  0   0   0   0]
 [  2   2   8   8]
 [  4   8  32   8]
 [  4  32  64 128]]
Action: D
Reward: [4, 75.83333333333333, 428, 0, 80, 104, 0]
Total Reward: 691.8333333333333

State:
 [[  0   2   0   0]
 [  0   2   8   0]
 [  2   8  32  16]
 [  8  32  64 128]]
Action: D
Reward: [5, 63.33333333333334, 428, 0, 80, 112, 0]
Total Reward: 688.3333333333334

State:
 [[  0   0   0   0]
 [  2   4   8   0]
 [  2   8  32  16]
 [  8  32  64 128]]
Action: D
Reward: [5, 83.33333333333334, 428, 0, 40, 112, 0]
Total Reward: 668.3333333333334

State:
 [[  0   0   2   0]
 [  0   4   8   0]
 [  4   8  32  16]
 [  8  32  64 128]]
Action: D
Reward: [5, 88.33333333333331, 428, 0, 40, 112, 0]
Total Reward: 673.3333333333333

State:
 [[  0   0   2   2]
 [  0   0   4   8]
 [  4   8  32  16]
 [  8  32  64 128]]
Action: R
Reward: [4, 96.66666666666666, 428, 0, 0, 112, 0]
Total Reward: 640.6666666666666

State:
 [[  0   0   0   4]
 [  0   2   4   8]
 [  4   8  32  16]
 [  8  32  64 128]]
Action: R
Reward: [4, 106.66666666666666, 428, 0, 40, 112, 0]
Total Reward: 690.6666666666666

State:
 [[  4   0   0   0]
 [  2   4   8   2]
 [  4   8  32  16]
 [  8  32  64 128]]
Action: L
Reward: [3, 91.66666666666669, 428, 0, 0, 112, 0]
Total Reward: 634.6666666666667

State:
 [[  0   2   0   4]
 [  2   4   8   2]
 [  4   8  32  16]
 [  8  32  64 128]]
Action: R
Reward: [2, 118.33333333333331, 428, 0, 0, 112, 0]
Total Reward: 660.3333333333333

State:
 [[  0   4   2   4]
 [  2   4   8   2]
 [  4   8  32  16]
 [  8  32  64 128]]
Action: R
Reward: [1, 103.33333333333331, 428, 0, 0, 112, 0]
Total Reward: 644.3333333333333

State:
 [[  2   0   2   4]
 [  2   8   8   2]
 [  4   8  32  16]
 [  8  32  64 128]]
Action: D
Reward: [1, 88.33333333333331, 428, 0, 40, 112, 0]
Total Reward: 669.3333333333333

State:
 [[  0   0   2   4]
 [  4   2   8   2]
 [  4  16  32  16]
 [  8  32  64 128]]
Action: D
Reward: [2, 96.66666666666666, 428, 0, 80, 112, 0]
Total Reward: 718.6666666666666

State:
 [[  0   0   2   4]
 [  2   2   8   2]
 [  8  16  32  16]
 [  8  32  64 128]]
Action: D
Reward: [2, 86.66666666666666, 428, 0, 40, 112, 0]
Total Reward: 668.6666666666666

State:
 [[  0   2   2   4]
 [  0   2   8   2]
 [  2  16  32  16]
 [ 16  32  64 128]]
Action: D
Reward: [2, 83.33333333333331, 428, 0, 40, 112, 0]
Total Reward: 665.3333333333333

State:
 [[  4   0   2   4]
 [  0   4   8   2]
 [  2  16  32  16]
 [ 16  32  64 128]]
Action: D
Reward: [2, 83.33333333333331, 428, 0, 40, 112, 0]
Total Reward: 665.3333333333333

State:
 [[  2   0   2   4]
 [  4   4   8   2]
 [  2  16  32  16]
 [ 16  32  64 128]]
Action: D
Reward: [1, 90.0, 428, 0, 0, 112, 0]
Total Reward: 631.0

State:
 [[  2   0   4   4]
 [  0   8   8   2]
 [  2  16  32  16]
 [ 16  32  64 128]]
Action: R
Reward: [2, 100.0, 428, 0, 80, 112, 0]
Total Reward: 722.0

State:
 [[  2   0   4   4]
 [  0   8   8   2]
 [  4  16  32  16]
 [ 16  32  64 128]]
Action: D
Reward: [2, 113.33333333333331, 428, 0, 40, 112, 0]
Total Reward: 695.3333333333333

State:
 [[  2   0   4   4]
 [  2   8   8   2]
 [  4  16  32  16]
 [ 16  32  64 128]]
Action: D
Reward: [1, 108.33333333333331, 428, 0, 0, 112, 0]
Total Reward: 649.3333333333333

State:
 [[  0   2   4   4]
 [  4   8   8   2]
 [  4  16  32  16]
 [ 16  32  64 128]]
Action: D
Reward: [1, 108.33333333333331, 428, 0, 40, 112, 0]
Total Reward: 689.3333333333333

State:
 [[  2   2   4   4]
 [  0   8   8   2]
 [  8  16  32  16]
 [ 16  32  64 128]]
Action: D
Reward: [1, 123.33333333333331, 428, 0, 40, 112, 0]
Total Reward: 704.3333333333333

State:
 [[  2   2   4   4]
 [  2   8   8   2]
 [  8  16  32  16]
 [ 16  32  64 128]]
Action: D
Reward: [0, 118.33333333333331, 428, 0, 0, 112, 0]
Total Reward: 658.3333333333333

State:
 [[  2   2   4   4]
 [  4   8   8   2]
 [  8  16  32  16]
 [ 16  32  64 128]]
Action: D
Reward: [0, 138.33333333333334, 428, 0, 40, 112, 0]
Total Reward: 718.3333333333334

State:
 [[  2   0   4   8]
 [  0   4  16   2]
 [  8  16  32  16]
 [ 16  32  64 128]]
Action: R
Reward: [2, 118.33333333333331, 428, 0, 120, 112, 0]
Total Reward: 780.3333333333333

State:
 [[  0   2   4   8]
 [  2   4  16   2]
 [  8  16  32  16]
 [ 16  32  64 128]]
Action: D
Reward: [1, 138.33333333333334, 428, 0, 0, 112, 0]
Total Reward: 679.3333333333334

State:
 [[  2   4   8   2]
 [  2   4  16   2]
 [  8  16  32  16]
 [ 16  32  64 128]]
Action: L
Reward: [0, 133.33333333333334, 428, 0, 0, 112, 0]
Total Reward: 673.3333333333334

State:
 [[  0   2   8   0]
 [  4   8  16   4]
 [  8  16  32  16]
 [ 16  32  64 128]]
Action: D
Reward: [2, 143.33333333333334, 428, 0, 120, 112, 0]
Total Reward: 805.3333333333334

State:
 [[  2   0   2   8]
 [  4   8  16   4]
 [  8  16  32  16]
 [ 16  32  64 128]]
Action: R
Reward: [1, 135.0, 428, 0, 0, 112, 0]
Total Reward: 676.0

State:
 [[  2   0   4   8]
 [  4   8  16   4]
 [  8  16  32  16]
 [ 16  32  64 128]]
Action: R
Reward: [1, 151.66666666666669, 428, 0, 40, 112, 0]
Total Reward: 732.6666666666667

State:
 [[  2   2   4   8]
 [  4   8  16   4]
 [  8  16  32  16]
 [ 16  32  64 128]]
Action: R
Reward: [0, 156.66666666666666, 428, 0, 0, 112, 0]
Total Reward: 696.6666666666666

State:
 [[  2   4   4   8]
 [  4   8  16   4]
 [  8  16  32  16]
 [ 16  32  64 128]]
Action: R
Reward: [0, 161.66666666666663, 428, 0, 40, 112, 0]
Total Reward: 741.6666666666666

State:
 [[  2   2   8   8]
 [  4   8  16   4]
 [  8  16  32  16]
 [ 16  32  64 128]]
Action: R
Reward: [0, 146.66666666666666, 428, 0, 40, 112, 0]
Total Reward: 726.6666666666666

State:
 [[  4  16   2   0]
 [  4   8  16   4]
 [  8  16  32  16]
 [ 16  32  64 128]]
Action: L
Reward: [1, 118.33333333333331, 428, 0, 80, 112, 0]
Total Reward: 739.3333333333333

State:
 [[  0  16   2   2]
 [  8   8  16   4]
 [  8  16  32  16]
 [ 16  32  64 128]]
Action: D
Reward: [1, 110.0, 428, 0, 40, 112, 0]
Total Reward: 691.0

State:
 [[  2  16   2   2]
 [  0   8  16   4]
 [ 16  16  32  16]
 [ 16  32  64 128]]
Action: D
Reward: [1, 90.0, 428, 0, 40, 112, 0]
Total Reward: 671.0

State:
 [[  2  16   2   2]
 [  0   8  16   4]
 [  2  16  32  16]
 [ 32  32  64 128]]
Action: D
Reward: [1, 82.5, 428, 0, 40, 112, 0]
Total Reward: 663.5

State:
 [[  0  16   2   2]
 [  2   8  16   4]
 [  4  16  32  16]
 [ 32  32  64 128]]
Action: D
Reward: [1, 103.33333333333331, 428, 0, 40, 112, 0]
Total Reward: 684.3333333333333

State:
 [[  2   0  16   4]
 [  2   8  16   4]
 [  4  16  32  16]
 [  0  64  64 128]]
Action: R
Reward: [2, 80.0, 428, 0, 80, 112, 0]
Total Reward: 702.0

State:
 [[  2   0   0   0]
 [  0   8  32   8]
 [  4  16  32  16]
 [  4  64  64 128]]
Action: D
Reward: [4, 65.83333333333333, 428, 0, 120, 112, 0]
Total Reward: 729.8333333333333

State:
 [[  2   0   0   0]
 [  0   8   0   8]
 [  2  16  64  16]
 [  8  64  64 128]]
Action: D
Reward: [5, 50.0, 428, 0, 80, 144, 0]
Total Reward: 707.0

State:
 [[  0   2   0   0]
 [  0   8   0   8]
 [  4  16   0  16]
 [  8  64 128 128]]
Action: D
Reward: [6, 61.66666666666666, 428, 120, 80, 144, 0]
Total Reward: 839.6666666666666

State:
 [[  0   0   0   2]
 [  0   0   2  16]
 [  0   0   4  32]
 [  0   8  64 256]]
Action: R
Reward: [8, 44.16666666666666, 556, 120, 120, 100, 0]
Total Reward: 948.1666666666666

State:
 [[  2   0   2   0]
 [  2  16   0   0]
 [  4  32   0   0]
 [  8  64 256   0]]
Action: L
Reward: [7, 56.42857142857143, 150, 0, 0, 0, -366]
Total Reward: -152.57142857142856

State:
 [[  4   0   0   0]
 [  2  16   2   0]
 [  4  32   0   0]
 [  8  64 256   0]]
Action: L
Reward: [7, 43.095238095238095, 150, 0, 40, 0, -364]
Total Reward: -123.9047619047619

State:
 [[  0   4   0   4]
 [  0   2  16   2]
 [  0   0   4  32]
 [  0   8  64 256]]
Action: R
Reward: [6, 23.33333333333333, 556, 0, 0, 100, 0]
Total Reward: 685.3333333333334

State:
 [[  0   0   0   4]
 [  0   4  16   2]
 [  0   2   4  32]
 [  2   8  64 256]]
Action: D
Reward: [5, 40.0, 556, 0, 0, 100, 0]
Total Reward: 701.0

State:
 [[  4   0   0   0]
 [  4  16   2   2]
 [  2   4  32   0]
 [  2   8  64 256]]
Action: L
Reward: [4, 57.26190476190476, 556, 0, 0, 96, 0]
Total Reward: 713.2619047619048

State:
 [[  0   0   0   2]
 [  0  16   2   0]
 [  8   4  32   2]
 [  4   8  64 256]]
Action: D
Reward: [5, 59.76190476190476, 556, 0, 80, 98, 0]
Total Reward: 798.7619047619048

State:
 [[  0   0   2   0]
 [  0  16   2   0]
 [  8   4  32   4]
 [  4   8  64 256]]
Action: D
Reward: [5, 60.83333333333333, 556, 0, 40, 100, 0]
Total Reward: 761.8333333333334

State:
 [[  0   0   0   2]
 [  0  16   4   0]
 [  8   4  32   4]
 [  4   8  64 256]]
Action: D
Reward: [5, 73.33333333333333, 556, 0, 40, 100, 0]
Total Reward: 774.3333333333334

State:
 [[  0   2   0   0]
 [  0  16   4   2]
 [  8   4  32   4]
 [  4   8  64 256]]
Action: D
Reward: [4, 86.66666666666666, 556, 0, 0, 100, 0]
Total Reward: 746.6666666666666

State:
 [[  0   2   0   2]
 [  0  16   4   2]
 [  8   4  32   4]
 [  4   8  64 256]]
Action: R
Reward: [3, 86.66666666666666, 556, 0, 0, 100, 0]
Total Reward: 745.6666666666666

State:
 [[  0   2   2   0]
 [  0  16   4   4]
 [  8   4  32   4]
 [  4   8  64 256]]
Action: D
Reward: [3, 76.66666666666666, 556, 0, 40, 100, 0]
Total Reward: 775.6666666666666

State:
 [[  8   2   2   8]
 [  4  16   4 256]
 [  2   4  32   0]
 [  0   8  64   0]]
Action: U
Reward: [3, 72.0, 150, 0, 40, 0, -378]
Total Reward: -113.0

State:
 [[  0   2   2   0]
 [  8  16   4   2]
 [  4   4  32   8]
 [  2   8  64 256]]
Action: D
Reward: [2, 78.66666666666666, 556, 0, 0, 104, 0]
Total Reward: 740.6666666666666

State:
 [[  0   0   0   4]
 [  8  16   4   2]
 [  2   8  32   8]
 [  2   8  64 256]]
Action: R
Reward: [3, 54.66666666666666, 556, 0, 80, 104, 0]
Total Reward: 797.6666666666666

State:
 [[  0   2   0   4]
 [  0   0   4   2]
 [  8  16  32   8]
 [  4  16  64 256]]
Action: D
Reward: [4, 79.66666666666667, 556, 0, 80, 104, 0]
Total Reward: 823.6666666666666

State:
 [[  2   0   0   4]
 [  0   0   4   2]
 [  8   2  32   8]
 [  4  32  64 256]]
Action: D
Reward: [4, 69.66666666666666, 556, 0, 40, 104, 0]
Total Reward: 773.6666666666666

State:
 [[  0   0   2   4]
 [  2   0   4   2]
 [  8   2  32   8]
 [  4  32  64 256]]
Action: D
Reward: [3, 69.66666666666666, 556, 0, 0, 104, 0]
Total Reward: 732.6666666666666

State:
 [[  0   2   2   4]
 [  0   2   4   2]
 [  8   2  32   8]
 [  4  32  64 256]]
Action: R
Reward: [2, 74.66666666666666, 556, 0, 0, 104, 0]
Total Reward: 736.6666666666666

State:
 [[  0   2   2   4]
 [  0   2   4   2]
 [  8   4  32   8]
 [  4  32  64 256]]
Action: D
Reward: [2, 89.66666666666666, 556, 0, 40, 104, 0]
Total Reward: 791.6666666666666

State:
 [[  0   2   2   4]
 [  0   4   4   2]
 [  8   4  32   8]
 [  4  32  64 256]]
Action: D
Reward: [2, 99.66666666666666, 556, 0, 40, 104, 0]
Total Reward: 801.6666666666666

State:
 [[  0   2   2   4]
 [  0   2   4   2]
 [  8   8  32   8]
 [  4  32  64 256]]
Action: D
Reward: [2, 74.66666666666666, 556, 0, 40, 104, 0]
Total Reward: 776.6666666666666

State:
 [[  0   4   2   4]
 [  0   4   4   2]
 [  8   8  32   8]
 [  4  32  64 256]]
Action: D
Reward: [2, 79.66666666666666, 556, 0, 40, 104, 0]
Total Reward: 781.6666666666666

State:
 [[  0   2   2   4]
 [  0   8   4   2]
 [  8   8  32   8]
 [  4  32  64 256]]
Action: D
Reward: [2, 94.66666666666666, 556, 0, 40, 104, 0]
Total Reward: 796.6666666666666

State:
 [[  0   4   2   4]
 [  0   2   4   2]
 [  8  16  32   8]
 [  4  32  64 256]]
Action: D
Reward: [2, 72.99999999999999, 556, 0, 40, 104, 0]
Total Reward: 775.0

State:
 [[  4   2   4   0]
 [  2   4   2   4]
 [  8  16  32   8]
 [  4  32  64 256]]
Action: L
Reward: [1, 97.83333333333333, 556, 0, 0, 104, 0]
Total Reward: 758.8333333333334

State:
 [[  2   4   2   4]
 [  2   4   2   4]
 [  8  16  32   8]
 [  4  32  64 256]]
Action: R
Reward: [0, 97.83333333333333, 556, 0, 0, 104, 0]
Total Reward: 757.8333333333334

State:
 [[  0   0   2   0]
 [  4   8   4   8]
 [  8  16  32   8]
 [  4  32  64 256]]
Action: D
Reward: [3, 88.66666666666667, 556, 0, 160, 104, 0]
Total Reward: 911.6666666666666

State:
 [[  2   0   2   0]
 [  4   8   4   0]
 [  8  16  32  16]
 [  4  32  64 256]]
Action: D
Reward: [3, 84.16666666666666, 556, 0, 40, 112, 0]
Total Reward: 795.1666666666666

State:
 [[  0   2   0   4]
 [  0   4   8   4]
 [  8  16  32  16]
 [  4  32  64 256]]
Action: R
Reward: [3, 95.83333333333331, 556, 0, 40, 112, 0]
Total Reward: 806.8333333333333

State:
 [[  0   2   0   0]
 [  2   4   8   8]
 [  8  16  32  16]
 [  4  32  64 256]]
Action: D
Reward: [3, 105.83333333333331, 556, 0, 40, 112, 0]
Total Reward: 816.8333333333333

State:
 [[  0   0   2   2]
 [  0   2   4  16]
 [  8  16  32  16]
 [  4  32  64 256]]
Action: R
Reward: [3, 95.83333333333331, 556, 0, 40, 112, 0]
Total Reward: 806.8333333333333

State:
 [[  2   0   2   0]
 [  0   2   4   2]
 [  8  16  32  32]
 [  4  32  64 256]]
Action: D
Reward: [3, 85.83333333333331, 556, 0, 40, 128, 0]
Total Reward: 812.8333333333333

State:
 [[  2   0   2   0]
 [  2   2   4   2]
 [  8  16  32  32]
 [  4  32  64 256]]
Action: D
Reward: [2, 85.83333333333331, 556, 0, 0, 128, 0]
Total Reward: 771.8333333333333

State:
 [[  0   0   2   2]
 [  4   2   4   2]
 [  8  16  32  32]
 [  4  32  64 256]]
Action: D
Reward: [2, 90.83333333333331, 556, 0, 40, 128, 0]
Total Reward: 816.8333333333333

State:
 [[  0   0   2   2]
 [  4   2   4   4]
 [  8  16  32  32]
 [  4  32  64 256]]
Action: D
Reward: [2, 91.66666666666664, 556, 0, 40, 128, 0]
Total Reward: 817.6666666666666

State:
 [[  0   0   0   4]
 [  2   4   2   8]
 [  0   8  16  64]
 [  4  32  64 256]]
Action: R
Reward: [4, 90.0, 556, 0, 120, 144, 0]
Total Reward: 914.0

State:
 [[  0   2   0   4]
 [  0   4   2   8]
 [  2   8  16  64]
 [  4  32  64 256]]
Action: D
Reward: [3, 115.0, 556, 0, 0, 144, 0]
Total Reward: 818.0

State:
 [[  0   2   2   4]
 [  0   4   2   8]
 [  2   8  16  64]
 [  4  32  64 256]]
Action: R
Reward: [2, 115.0, 556, 0, 0, 144, 0]
Total Reward: 817.0

State:
 [[  2   2   0   4]
 [  0   4   4   8]
 [  2   8  16  64]
 [  4  32  64 256]]
Action: D
Reward: [2, 121.66666666666666, 556, 0, 40, 144, 0]
Total Reward: 863.6666666666666

State:
 [[  2   2   0   4]
 [  0   4   4   8]
 [  4   8  16  64]
 [  4  32  64 256]]
Action: D
Reward: [2, 126.66666666666666, 556, 0, 40, 144, 0]
Total Reward: 868.6666666666666

State:
 [[  0   2   2   4]
 [  0   4   4   8]
 [  2   8  16  64]
 [  8  32  64 256]]
Action: D
Reward: [2, 128.33333333333331, 556, 0, 40, 144, 0]
Total Reward: 870.3333333333333

State:
 [[  0   0   4   4]
 [  2   0   8   8]
 [  2   8  16  64]
 [  8  32  64 256]]
Action: R
Reward: [3, 98.33333333333331, 556, 0, 80, 144, 0]
Total Reward: 881.3333333333333

State:
 [[  2   0   4   4]
 [  0   0   8   8]
 [  4   8  16  64]
 [  8  32  64 256]]
Action: D
Reward: [3, 123.33333333333331, 556, 0, 40, 144, 0]
Total Reward: 866.3333333333333

State:
 [[  2   0   4   4]
 [  2   0   8   8]
 [  4   8  16  64]
 [  8  32  64 256]]
Action: D
Reward: [2, 128.33333333333331, 556, 0, 0, 144, 0]
Total Reward: 830.3333333333333

State:
 [[  0   0   4   4]
 [  4   2   8   8]
 [  4   8  16  64]
 [  8  32  64 256]]
Action: D
Reward: [2, 113.33333333333331, 556, 0, 40, 144, 0]
Total Reward: 855.3333333333333

State:
 [[  4   0   4   4]
 [  0   2   8   8]
 [  8   8  16  64]
 [  8  32  64 256]]
Action: D
Reward: [2, 103.33333333333331, 556, 0, 40, 144, 0]
Total Reward: 845.3333333333333

State:
 [[  0   0   4   4]
 [  2   2   8   8]
 [  4   8  16  64]
 [ 16  32  64 256]]
Action: D
Reward: [2, 123.33333333333331, 556, 0, 40, 144, 0]
Total Reward: 865.3333333333333

State:
 [[  0   2   0   8]
 [  0   0   4  16]
 [  4   8  16  64]
 [ 16  32  64 256]]
Action: R
Reward: [4, 105.0, 556, 0, 120, 144, 0]
Total Reward: 929.0

State:
 [[  0   2   0   8]
 [  0   2   4  16]
 [  4   8  16  64]
 [ 16  32  64 256]]
Action: D
Reward: [3, 115.0, 556, 0, 0, 144, 0]
Total Reward: 818.0

State:
 [[  0   0   0   8]
 [  2   4   4  16]
 [  4   8  16  64]
 [ 16  32  64 256]]
Action: D
Reward: [3, 125.0, 556, 0, 40, 144, 0]
Total Reward: 868.0

State:
 [[  0   2   0   8]
 [  0   2   8  16]
 [  4   8  16  64]
 [ 16  32  64 256]]
Action: R
Reward: [3, 120.0, 556, 0, 40, 144, 0]
Total Reward: 863.0

State:
 [[  0   2   0   8]
 [  0   4   8  16]
 [  4   8  16  64]
 [ 16  32  64 256]]
Action: D
Reward: [3, 140.0, 556, 0, 40, 144, 0]
Total Reward: 883.0

State:
 [[  0   4   2   8]
 [  0   4   8  16]
 [  4   8  16  64]
 [ 16  32  64 256]]
Action: R
Reward: [2, 135.0, 556, 0, 0, 144, 0]
Total Reward: 837.0

State:
 [[  2   0   2   8]
 [  0   8   8  16]
 [  4   8  16  64]
 [ 16  32  64 256]]
Action: D
Reward: [2, 125.0, 556, 0, 40, 144, 0]
Total Reward: 867.0

State:
 [[  0   2   2   8]
 [  2   0   8  16]
 [  4  16  16  64]
 [ 16  32  64 256]]
Action: D
Reward: [2, 123.33333333333331, 556, 0, 40, 144, 0]
Total Reward: 865.3333333333333

State:
 [[  0   2   2   8]
 [  2   2   8  16]
 [  4  16  16  64]
 [ 16  32  64 256]]
Action: D
Reward: [1, 123.33333333333331, 556, 0, 0, 144, 0]
Total Reward: 824.3333333333333

State:
 [[  2   0   2   8]
 [  2   4   8  16]
 [  4  16  16  64]
 [ 16  32  64 256]]
Action: D
Reward: [1, 140.0, 556, 0, 40, 144, 0]
Total Reward: 881.0

State:
 [[  0   2   2   8]
 [  4   4   8  16]
 [  4  16  16  64]
 [ 16  32  64 256]]
Action: D
Reward: [1, 130.0, 556, 0, 40, 144, 0]
Total Reward: 871.0

State:
 [[  0   2   2   8]
 [  2   4   8  16]
 [  8  16  16  64]
 [ 16  32  64 256]]
Action: D
Reward: [1, 155.0, 556, 0, 40, 144, 0]
Total Reward: 896.0

State:
 [[  0   2   4   8]
 [  2   4   8  16]
 [  0   8  32  64]
 [ 16  32  64 256]]
Action: R
Reward: [2, 163.33333333333337, 556, 0, 80, 160, 0]
Total Reward: 961.3333333333334

State:
 [[  2   2   4   8]
 [  0   4   8  16]
 [  2   8  32  64]
 [ 16  32  64 256]]
Action: D
Reward: [1, 158.33333333333334, 556, 0, 0, 160, 0]
Total Reward: 875.3333333333334

State:
 [[  2   2   4   8]
 [  0   4   8  16]
 [  4   8  32  64]
 [ 16  32  64 256]]
Action: D
Reward: [1, 175.0, 556, 0, 40, 160, 0]
Total Reward: 932.0

State:
 [[  2   2   4   8]
 [  2   4   8  16]
 [  4   8  32  64]
 [ 16  32  64 256]]
Action: D
Reward: [0, 185.0, 556, 0, 0, 160, 0]
Total Reward: 901.0

State:
 [[  2   2   4   8]
 [  4   4   8  16]
 [  4   8  32  64]
 [ 16  32  64 256]]
Action: D
Reward: [0, 175.0, 556, 0, 40, 160, 0]
Total Reward: 931.0

State:
 [[  2   2   4   8]
 [  2   4   8  16]
 [  8   8  32  64]
 [ 16  32  64 256]]
Action: D
Reward: [0, 175.0, 556, 0, 40, 160, 0]
Total Reward: 931.0

State:
 [[  2   2   4   8]
 [  4   4   8  16]
 [  8   8  32  64]
 [ 16  32  64 256]]
Action: D
Reward: [0, 180.0, 556, 0, 40, 160, 0]
Total Reward: 936.0

State:
 [[  2   4   4   8]
 [  0   8   8  16]
 [  0  16  32  64]
 [ 16  32  64 256]]
Action: R
Reward: [2, 153.33333333333334, 556, 0, 120, 160, 0]
Total Reward: 991.3333333333334

State:
 [[  0   4   4   8]
 [  2   8   8  16]
 [  2  16  32  64]
 [ 16  32  64 256]]
Action: D
Reward: [1, 151.66666666666669, 556, 0, 0, 160, 0]
Total Reward: 868.6666666666667

State:
 [[  2   4   4   8]
 [  0   8   8  16]
 [  4  16  32  64]
 [ 16  32  64 256]]
Action: D
Reward: [1, 170.0, 556, 0, 40, 160, 0]
Total Reward: 927.0

State:
 [[  2   4   4   8]
 [  4   8   8  16]
 [ 16  16  32  64]
 [  4  32  64 256]]
Action: U
Reward: [0, 163.33333333333331, 556, 0, 0, 160, 0]
Total Reward: 879.3333333333333

State:
 [[  0   2   8   8]
 [  0   4  16  16]
 [  2  32  32  64]
 [  4  32  64 256]]
Action: R
Reward: [2, 114.16666666666666, 556, 0, 120, 160, 0]
Total Reward: 952.1666666666666

State:
 [[  2   0   8   8]
 [  0   2  16  16]
 [  2   4  32  64]
 [  4  64  64 256]]
Action: D
Reward: [2, 111.66666666666666, 556, 0, 40, 160, 0]
Total Reward: 869.6666666666666

State:
 [[  2   0   8   8]
 [  0   2  16  16]
 [  4   4  32  64]
 [  4  64  64 256]]
Action: D
Reward: [2, 101.66666666666666, 556, 0, 40, 160, 0]
Total Reward: 859.6666666666666

State:
 [[  0   0   8   8]
 [  2   2  16  16]
 [  2   4  32  64]
 [  8  64  64 256]]
Action: D
Reward: [2, 102.5, 556, 0, 40, 160, 0]
Total Reward: 860.5

State:
 [[  0   0   8   8]
 [  2   2  16  16]
 [  4   4  32  64]
 [  8  64  64 256]]
Action: D
Reward: [2, 107.5, 556, 0, 40, 160, 0]
Total Reward: 865.5

State:
 [[  0   2   0  16]
 [  0   0   4  32]
 [  0   8  32  64]
 [  0   8 128 256]]
Action: R
Reward: [6, 72.5, 556, 0, 200, 224, 0]
Total Reward: 1058.5

State:
 [[  0   0   0  16]
 [  2   0   4  32]
 [  0   2  32  64]
 [  0  16 128 256]]
Action: D
Reward: [6, 75.83333333333331, 556, 0, 40, 224, 0]
Total Reward: 901.8333333333333

State:
 [[  0   2   0  16]
 [  0   0   4  32]
 [  0   2  32  64]
 [  2  16 128 256]]
Action: D
Reward: [5, 72.5, 556, 0, 0, 224, 0]
Total Reward: 857.5

State:
 [[  0   0   2  16]
 [  0   0   4  32]
 [  0   4  32  64]
 [  2  16 128 256]]
Action: D
Reward: [5, 85.0, 556, 0, 40, 224, 0]
Total Reward: 910.0

State:
 [[  2  16   2   0]
 [  4  32   0   0]
 [  4  32  64   0]
 [  2  16 128 256]]
Action: L
Reward: [4, 45.33333333333333, 556, 0, 0, 192, 0]
Total Reward: 797.3333333333334

State:
 [[  0   4   0   0]
 [  2  16   2   0]
 [  8  64  64   0]
 [  2  16 128 256]]
Action: D
Reward: [5, 37.0, 556, 0, 80, 192, 0]
Total Reward: 870.0

State:
 [[  2   0   0   4]
 [  0   2  16   2]
 [  0   0   8 128]
 [  2  16 128 256]]
Action: R
Reward: [5, 41.66666666666666, 556, 0, 40, 264, 0]
Total Reward: 906.6666666666666

State:
 [[  0   0   0   4]
 [  0   2  16   2]
 [  0   2   8 128]
 [  4  16 128 256]]
Action: D
Reward: [5, 38.33333333333333, 556, 0, 40, 264, 0]
Total Reward: 903.3333333333334

State:
 [[  0   0   2   4]
 [  0   0  16   2]
 [  0   4   8 128]
 [  4  16 128 256]]
Action: D
Reward: [5, 55.0, 556, 0, 40, 264, 0]
Total Reward: 920.0

State:
 [[  2   4   0   0]
 [ 16   2   0   2]
 [  4   8 128   0]
 [  4  16 128 256]]
Action: L
Reward: [4, 52.26190476190475, 556, 0, 0, 256, 0]
Total Reward: 868.2619047619047

State:
 [[  0   4   0   0]
 [  2   2   0   0]
 [ 16   8   2   2]
 [  8  16 256 256]]
Action: D
Reward: [5, 42.023809523809526, 556, 120, 80, 260, 0]
Total Reward: 1063.0238095238096

State:
 [[  0   0   0   4]
 [  0   0   2   4]
 [  0  16   8   4]
 [  0   8  16 512]]
Action: R
Reward: [7, 68.42857142857143, 812, 120, 120, 28, 0]
Total Reward: 1155.4285714285716

State:
 [[  2   0   0   0]
 [  0   0   2   4]
 [  0  16   8   8]
 [  0   8  16 512]]
Action: D
Reward: [7, 68.66666666666667, 812, 0, 40, 32, 0]
Total Reward: 959.6666666666666

State:
 [[  0   0   0   0]
 [  0   2   2   4]
 [  0  16   8   8]
 [  2   8  16 512]]
Action: D
Reward: [6, 70.33333333333334, 812, 0, 0, 32, 0]
Total Reward: 920.3333333333334

State:
 [[  0   0   0   0]
 [  0   2   4   4]
 [  0   0  16  16]
 [  2   8  16 512]]
Action: R
Reward: [7, 44.0, 812, 0, 80, 48, 0]
Total Reward: 991.0

State:
 [[  0   0   0   0]
 [  0   0   4   4]
 [  0   2   4  16]
 [  2   8  32 512]]
Action: D
Reward: [7, 42.83333333333333, 812, 0, 40, 52, 0]
Total Reward: 953.8333333333334

State:
 [[  0   0   2   0]
 [  0   0   0   4]
 [  0   2   8  16]
 [  2   8  32 512]]
Action: D
Reward: [7, 49.5, 812, 0, 40, 56, 0]
Total Reward: 964.5

State:
 [[  0   0   0   4]
 [  0   0   2   4]
 [  0   2   8  16]
 [  2   8  32 512]]
Action: D
Reward: [6, 59.5, 812, 0, 0, 56, 0]
Total Reward: 933.5

State:
 [[  0   0   0   0]
 [  0   2   2   8]
 [  0   2   8  16]
 [  2   8  32 512]]
Action: D
Reward: [6, 59.5, 812, 0, 40, 56, 0]
Total Reward: 973.5

State:
 [[  4   0   0   0]
 [  0   0   2   8]
 [  0   4   8  16]
 [  2   8  32 512]]
Action: D
Reward: [6, 79.5, 812, 0, 40, 56, 0]
Total Reward: 993.5

State:
 [[  0   0   2   0]
 [  0   0   2   8]
 [  4   4   8  16]
 [  2   8  32 512]]
Action: D
Reward: [5, 79.5, 812, 0, 0, 56, 0]
Total Reward: 952.5

State:
 [[  0   0   0   0]
 [  0   2   4   8]
 [  4   4   8  16]
 [  2   8  32 512]]
Action: D
Reward: [5, 109.5, 812, 0, 40, 56, 0]
Total Reward: 1022.5

State:
 [[  0   2   0   0]
 [  0   2   4   8]
 [  0   8   8  16]
 [  2   8  32 512]]
Action: R
Reward: [5, 74.5, 812, 0, 40, 56, 0]
Total Reward: 987.5

State:
 [[  0   2   0   0]
 [  0   0   4   8]
 [  0   4   8  16]
 [  2  16  32 512]]
Action: D
Reward: [6, 87.83333333333333, 812, 0, 80, 56, 0]
Total Reward: 1041.8333333333335

State:
 [[  2   0   0   0]
 [  0   2   4   8]
 [  0   4   8  16]
 [  2  16  32 512]]
Action: D
Reward: [5, 97.83333333333333, 812, 0, 0, 56, 0]
Total Reward: 970.8333333333334

State:
 [[  2   0   0   0]
 [  0   2   4   8]
 [  0   4   8  16]
 [  4  16  32 512]]
Action: D
Reward: [5, 109.5, 812, 0, 40, 56, 0]
Total Reward: 1022.5

State:
 [[  0   0   0   0]
 [  2   2   4   8]
 [  2   4   8  16]
 [  4  16  32 512]]
Action: D
Reward: [4, 119.5, 812, 0, 0, 56, 0]
Total Reward: 991.5

State:
 [[  0   0   2   0]
 [  0   2   4   8]
 [  4   4   8  16]
 [  4  16  32 512]]
Action: D
Reward: [4, 109.5, 812, 0, 40, 56, 0]
Total Reward: 1021.5

State:
 [[  0   2   0   2]
 [  0   2   4   8]
 [  0   8   8  16]
 [  4  16  32 512]]
Action: R
Reward: [4, 94.5, 812, 0, 40, 56, 0]
Total Reward: 1006.5

State:
 [[  0   0   2   2]
 [  0   4   4   8]
 [  0   8   8  16]
 [  4  16  32 512]]
Action: D
Reward: [4, 99.5, 812, 0, 40, 56, 0]
Total Reward: 1011.5

State:
 [[  0   0   0   4]
 [  0   0   8   8]
 [  2   0  16  16]
 [  4  16  32 512]]
Action: R
Reward: [6, 72.83333333333333, 812, 0, 120, 64, 0]
Total Reward: 1074.8333333333335

State:
 [[  0   0   0   4]
 [  2   0   0  16]
 [  0   0   2  32]
 [  4  16  32 512]]
Action: R
Reward: [7, 53.33333333333333, 812, 0, 80, 66, 0]
Total Reward: 1018.3333333333334

State:
 [[  0   2   0   4]
 [  0   0   0  16]
 [  2   0   2  32]
 [  4  16  32 512]]
Action: D
Reward: [6, 63.33333333333333, 812, 0, 0, 66, 0]
Total Reward: 947.3333333333334

State:
 [[  0   2   0   4]
 [  0   0   0  16]
 [  2   2   2  32]
 [  4  16  32 512]]
Action: D
Reward: [5, 63.33333333333333, 812, 0, 0, 66, 0]
Total Reward: 946.3333333333334

State:
 [[  0   0   0   4]
 [  2   0   0  16]
 [  2   4   2  32]
 [  4  16  32 512]]
Action: D
Reward: [5, 58.33333333333333, 812, 0, 40, 66, 0]
Total Reward: 981.3333333333334

State:
 [[  0   0   2   4]
 [  0   0   0  16]
 [  4   4   2  32]
 [  4  16  32 512]]
Action: D
Reward: [5, 60.0, 812, 0, 40, 66, 0]
Total Reward: 983.0

State:
 [[  0   0   0   4]
 [  0   0   2  16]
 [  0   4   4  32]
 [  8  16  32 512]]
Action: D
Reward: [6, 65.0, 812, 0, 80, 68, 0]
Total Reward: 1031.0

State:
 [[  0   0   0   4]
 [  0   0   2  16]
 [  0   2   8  32]
 [  8  16  32 512]]
Action: R
Reward: [6, 66.66666666666666, 812, 0, 40, 72, 0]
Total Reward: 996.6666666666666

State:
 [[  4   0   0   0]
 [  2  16   2   0]
 [  2   8  32   0]
 [  8  16  32 512]]
Action: L
Reward: [5, 40.0, 812, 0, 0, 64, 0]
Total Reward: 921.0

State:
 [[  0   0   0   0]
 [  4  16   0   0]
 [  4   8   2   2]
 [  8  16  64 512]]
Action: D
Reward: [6, 41.58333333333333, 812, 0, 80, 68, 0]
Total Reward: 1007.5833333333334

State:
 [[  2   0   0   0]
 [  0  16   0   0]
 [  8   8   2   2]
 [  8  16  64 512]]
Action: D
Reward: [6, 31.583333333333332, 812, 0, 40, 68, 0]
Total Reward: 957.5833333333334

State:
 [[  0   0   0   2]
 [  0  16   0   0]
 [  2   8   2   2]
 [ 16  16  64 512]]
Action: D
Reward: [6, 14.916666666666668, 812, 0, 40, 68, 0]
Total Reward: 940.9166666666666

State:
 [[  2   0   0   0]
 [  0  16   0   0]
 [  2   8   2   4]
 [ 16  16  64 512]]
Action: D
Reward: [6, 25.095238095238095, 812, 0, 40, 70, 0]
Total Reward: 953.0952380952381

State:
 [[  2   0   0   0]
 [  0  16   0   0]
 [  4   8   2   4]
 [ 16  16  64 512]]
Action: D
Reward: [6, 41.76190476190476, 812, 0, 40, 70, 0]
Total Reward: 969.7619047619048

State:
 [[  0   0   0   0]
 [  2  16   0   2]
 [  4   8   2   4]
 [ 16  16  64 512]]
Action: D
Reward: [5, 51.76190476190476, 812, 0, 0, 70, 0]
Total Reward: 938.7619047619048

State:
 [[  0   0   0   0]
 [  2   2  16   2]
 [  4   8   2   4]
 [  0  32  64 512]]
Action: R
Reward: [5, 61.09523809523809, 812, 0, 40, 70, 0]
Total Reward: 988.0952380952381

State:
 [[  0   0   2   0]
 [  0   2  16   2]
 [  2   8   2   4]
 [  4  32  64 512]]
Action: D
Reward: [4, 60.095238095238095, 812, 0, 0, 70, 0]
Total Reward: 946.0952380952381

State:
 [[  0   2   0   2]
 [  0   2  16   2]
 [  2   8   2   4]
 [  4  32  64 512]]
Action: R
Reward: [3, 59.42857142857143, 812, 0, 0, 70, 0]
Total Reward: 944.4285714285714

State:
 [[  0   0   0   2]
 [  0   4  16   4]
 [  2   8   2   4]
 [  4  32  64 512]]
Action: D
Reward: [4, 64.42857142857143, 812, 0, 80, 70, 0]
Total Reward: 1030.4285714285716

State:
 [[  0   0   2   0]
 [  0   4  16   2]
 [  2   8   2   8]
 [  4  32  64 512]]
Action: D
Reward: [4, 56.99999999999999, 812, 0, 40, 74, 0]
Total Reward: 987.0

State:
 [[  0   0   0   2]
 [  2   4  16   2]
 [  2   8   2   8]
 [  4  32  64 512]]
Action: R
Reward: [3, 66.33333333333333, 812, 0, 0, 74, 0]
Total Reward: 955.3333333333334

State:
 [[  0   0   2   0]
 [  0   4  16   4]
 [  4   8   2   8]
 [  4  32  64 512]]
Action: D
Reward: [4, 55.33333333333333, 812, 0, 80, 74, 0]
Total Reward: 1025.3333333333335

State:
 [[  0   2   2   0]
 [  0   4  16   4]
 [  0   8   2   8]
 [  8  32  64 512]]
Action: D
Reward: [4, 57.0, 812, 0, 40, 74, 0]
Total Reward: 987.0

State:
 [[  2   0   0   4]
 [  0   4  16   4]
 [  0   8   2   8]
 [  8  32  64 512]]
Action: R
Reward: [4, 61.33333333333333, 812, 0, 40, 74, 0]
Total Reward: 991.3333333333334

State:
 [[  0   0   0   2]
 [  0   4  16   8]
 [  2   8   2   8]
 [  8  32  64 512]]
Action: D
Reward: [4, 56.33333333333333, 812, 0, 40, 74, 0]
Total Reward: 986.3333333333334

State:
 [[  0   2   0   0]
 [  0   4  16   2]
 [  2   8   2  16]
 [  8  32  64 512]]
Action: D
Reward: [4, 60.0, 812, 0, 40, 82, 0]
Total Reward: 998.0

State:
 [[  2   0   0   2]
 [  0   4  16   2]
 [  2   8   2  16]
 [  8  32  64 512]]
Action: R
Reward: [3, 50.0, 812, 0, 0, 82, 0]
Total Reward: 947.0

State:
 [[  2   0   0   0]
 [  0   4  16   4]
 [  4   8   2  16]
 [  8  32  64 512]]
Action: D
Reward: [4, 70.0, 812, 0, 80, 82, 0]
Total Reward: 1048.0

State:
 [[  2   0   0   0]
 [  2   4  16   4]
 [  4   8   2  16]
 [  8  32  64 512]]
Action: D
Reward: [3, 80.0, 812, 0, 0, 82, 0]
Total Reward: 977.0

State:
 [[  0   2   0   0]
 [  4   4  16   4]
 [  4   8   2  16]
 [  8  32  64 512]]
Action: D
Reward: [3, 70.0, 812, 0, 40, 82, 0]
Total Reward: 1007.0

State:
 [[  2   2   0   0]
 [  0   4  16   4]
 [  8   8   2  16]
 [  8  32  64 512]]
Action: D
Reward: [3, 58.33333333333333, 812, 0, 40, 82, 0]
Total Reward: 995.3333333333334

State:
 [[  2   2   0   0]
 [  0   4  16   4]
 [  2   8   2  16]
 [ 16  32  64 512]]
Action: D
Reward: [3, 63.33333333333334, 812, 0, 40, 82, 0]
Total Reward: 1000.3333333333334

State:
 [[  0   2   0   2]
 [  0   4  16   4]
 [  4   8   2  16]
 [ 16  32  64 512]]
Action: D
Reward: [3, 80.0, 812, 0, 40, 82, 0]
Total Reward: 1017.0

State:
 [[  2   0   0   4]
 [  0   4  16   4]
 [  4   8   2  16]
 [ 16  32  64 512]]
Action: R
Reward: [3, 80.0, 812, 0, 40, 82, 0]
Total Reward: 1017.0

State:
 [[  0   0   0   4]
 [  2   4  16   8]
 [  4   8   2  16]
 [ 16  32  64 512]]
Action: D
Reward: [3, 90.0, 812, 0, 40, 82, 0]
Total Reward: 1027.0

State:
 [[  4   0   0   2]
 [  2   4  16   8]
 [  4   8   2  16]
 [ 16  32  64 512]]
Action: L
Reward: [2, 85.0, 812, 0, 0, 82, 0]
Total Reward: 981.0

State:
 [[  0   2   4   2]
 [  2   4  16   8]
 [  4   8   2  16]
 [ 16  32  64 512]]
Action: R
Reward: [1, 97.33333333333334, 812, 0, 0, 82, 0]
Total Reward: 992.3333333333334

State:
 [[  2   4   2   2]
 [  2   4  16   8]
 [  4   8   2  16]
 [ 16  32  64 512]]
Action: L
Reward: [0, 85.66666666666666, 812, 0, 0, 82, 0]
Total Reward: 979.6666666666666

State:
 [[  0   2   2   2]
 [  4   8  16   8]
 [  4   8   2  16]
 [ 16  32  64 512]]
Action: D
Reward: [1, 75.66666666666666, 812, 0, 80, 82, 0]
Total Reward: 1050.6666666666665

State:
 [[  2   0   2   2]
 [  0   2  16   8]
 [  8  16   2  16]
 [ 16  32  64 512]]
Action: D
Reward: [2, 87.33333333333334, 812, 0, 80, 82, 0]
Total Reward: 1063.3333333333335

State:
 [[  2   0   2   2]
 [  2   2  16   8]
 [  8  16   2  16]
 [ 16  32  64 512]]
Action: D
Reward: [1, 87.33333333333334, 812, 0, 0, 82, 0]
Total Reward: 982.3333333333334

State:
 [[  2   0   2   2]
 [  4   2  16   8]
 [  8  16   2  16]
 [ 16  32  64 512]]
Action: D
Reward: [1, 112.33333333333334, 812, 0, 40, 82, 0]
Total Reward: 1047.3333333333335

State:
 [[  2   0   2   4]
 [  4   2  16   8]
 [  8  16   2  16]
 [ 16  32  64 512]]
Action: R
Reward: [1, 127.33333333333334, 812, 0, 40, 82, 0]
Total Reward: 1062.3333333333335

State:
 [[  2   0   4   4]
 [  4   2  16   8]
 [  8  16   2  16]
 [ 16  32  64 512]]
Action: R
Reward: [1, 129.0, 812, 0, 40, 82, 0]
Total Reward: 1064.0

State:
 [[  0   2   2   8]
 [  4   2  16   8]
 [  8  16   2  16]
 [ 16  32  64 512]]
Action: R
Reward: [1, 102.33333333333334, 812, 0, 40, 82, 0]
Total Reward: 1037.3333333333335

State:
 [[  0   2   2   0]
 [  4   4  16  16]
 [  8  16   2  16]
 [ 16  32  64 512]]
Action: D
Reward: [2, 87.33333333333334, 812, 0, 80, 82, 0]
Total Reward: 1063.3333333333335

State:
 [[  0   2   2   0]
 [  4   4  16   2]
 [  8  16   2  32]
 [ 16  32  64 512]]
Action: D
Reward: [2, 86.16666666666667, 812, 0, 40, 98, 0]
Total Reward: 1038.1666666666665

State:
 [[  0   2   0   4]
 [  0   8  16   2]
 [  8  16   2  32]
 [ 16  32  64 512]]
Action: R
Reward: [3, 90.5, 812, 0, 80, 98, 0]
Total Reward: 1083.5

State:
 [[  0   0   2   4]
 [  2   8  16   2]
 [  8  16   2  32]
 [ 16  32  64 512]]
Action: R
Reward: [2, 96.16666666666667, 812, 0, 0, 98, 0]
Total Reward: 1008.1666666666666

State:
 [[  2   4   0   2]
 [  2   8  16   2]
 [  8  16   2  32]
 [ 16  32  64 512]]
Action: L
Reward: [1, 95.5, 812, 0, 0, 98, 0]
Total Reward: 1006.5

State:
 [[  2   4   0   0]
 [  4   8  16   4]
 [  8  16   2  32]
 [ 16  32  64 512]]
Action: D
Reward: [2, 124.66666666666666, 812, 0, 80, 98, 0]
Total Reward: 1116.6666666666665

State:
 [[  4   0   2   4]
 [  4   8  16   4]
 [  8  16   2  32]
 [ 16  32  64 512]]
Action: R
Reward: [1, 95.33333333333333, 812, 0, 0, 98, 0]
Total Reward: 1006.3333333333334

State:
 [[  0   0   2   2]
 [  8   8  16   8]
 [  8  16   2  32]
 [ 16  32  64 512]]
Action: D
Reward: [2, 77.0, 812, 0, 80, 98, 0]
Total Reward: 1069.0

State:
 [[  0   2   2   2]
 [  0   8  16   8]
 [ 16  16   2  32]
 [ 16  32  64 512]]
Action: D
Reward: [2, 63.66666666666667, 812, 0, 40, 98, 0]
Total Reward: 1015.6666666666666

State:
 [[  2   2   2   2]
 [  0   8  16   8]
 [  0  16   2  32]
 [ 32  32  64 512]]
Action: D
Reward: [2, 56.16666666666667, 812, 0, 40, 98, 0]
Total Reward: 1008.1666666666666

State:
 [[  0   2   2   2]
 [  2   8  16   8]
 [  2  16   2  32]
 [ 32  32  64 512]]
Action: D
Reward: [1, 62.83333333333333, 812, 0, 0, 98, 0]
Total Reward: 973.8333333333334

State:
 [[  0   2   2   2]
 [  2   8  16   8]
 [  4  16   2  32]
 [ 32  32  64 512]]
Action: D
Reward: [1, 75.33333333333333, 812, 0, 40, 98, 0]
Total Reward: 1026.3333333333335

State:
 [[  0   2   2   4]
 [  2   8  16   8]
 [  4  16   2  32]
 [  0  64  64 512]]
Action: R
Reward: [2, 72.0, 812, 0, 80, 98, 0]
Total Reward: 1064.0

State:
 [[  0   2   2   4]
 [  2   8  16   8]
 [  2  16   2  32]
 [  4  64  64 512]]
Action: D
Reward: [1, 72.83333333333333, 812, 0, 0, 98, 0]
Total Reward: 983.8333333333334

State:
 [[  0   2   2   4]
 [  2   8  16   8]
 [  4  16   2  32]
 [  4  64  64 512]]
Action: D
Reward: [1, 74.5, 812, 0, 40, 98, 0]
Total Reward: 1025.5

State:
 [[  2   2   2   4]
 [  0   8  16   8]
 [  2  16   2  32]
 [  8  64  64 512]]
Action: D
Reward: [1, 63.66666666666667, 812, 0, 40, 98, 0]
Total Reward: 1014.6666666666666

State:
 [[  2   2   2   4]
 [  0   8  16   8]
 [  4  16   2  32]
 [  8  64  64 512]]
Action: D
Reward: [1, 80.33333333333333, 812, 0, 40, 98, 0]
Total Reward: 1031.3333333333335

State:
 [[  2   2   2   4]
 [  2   8  16   8]
 [  4  16   2  32]
 [  8  64  64 512]]
Action: D
Reward: [0, 85.33333333333333, 812, 0, 0, 98, 0]
Total Reward: 995.3333333333334

State:
 [[  2   2   2   4]
 [  4   8  16   8]
 [  4  16   2  32]
 [  8  64  64 512]]
Action: D
Reward: [0, 90.33333333333333, 812, 0, 40, 98, 0]
Total Reward: 1040.3333333333335

State:
 [[  2   2   2   4]
 [  2   8  16   8]
 [  8  16   2  32]
 [  8  64  64 512]]
Action: D
Reward: [0, 75.33333333333333, 812, 0, 40, 98, 0]
Total Reward: 1025.3333333333335

State:
 [[  2   2   2   4]
 [  0   8  16   8]
 [  4  16   2  32]
 [ 16  64  64 512]]
Action: D
Reward: [1, 77.0, 812, 0, 80, 98, 0]
Total Reward: 1068.0

State:
 [[  2   2   2   4]
 [  2   8  16   8]
 [  4  16   2  32]
 [ 16  64  64 512]]
Action: D
Reward: [0, 82.0, 812, 0, 0, 98, 0]
Total Reward: 992.0

State:
 [[  2   2   2   4]
 [  4   8  16   8]
 [  4  16   2  32]
 [ 16  64  64 512]]
Action: D
Reward: [0, 87.0, 812, 0, 40, 98, 0]
Total Reward: 1037.0

State:
 [[  2   2   2   4]
 [  2   8  16   8]
 [  8  16   2  32]
 [ 16  64  64 512]]
Action: D
Reward: [0, 87.0, 812, 0, 40, 98, 0]
Total Reward: 1037.0

State:
 [[  2   2   2   4]
 [  4   8  16   8]
 [  8  16   2  32]
 [ 16  64  64 512]]
Action: D
Reward: [0, 107.0, 812, 0, 40, 98, 0]
Total Reward: 1057.0

State:
 [[  0   2   4   4]
 [  4   8  16   8]
 [  8  16   2  32]
 [  2  16 128 512]]
Action: R
Reward: [1, 81.66666666666669, 812, 0, 80, 162, 0]
Total Reward: 1136.6666666666667

State:
 [[  2   0   4   4]
 [  4   2  16   8]
 [  8   8   2  32]
 [  2  32 128 512]]
Action: D
Reward: [1, 87.5, 812, 0, 40, 162, 0]
Total Reward: 1102.5

State:
 [[  0   0   2   8]
 [  4   2  16   8]
 [  2  16   2  32]
 [  2  32 128 512]]
Action: R
Reward: [2, 69.16666666666666, 812, 0, 80, 162, 0]
Total Reward: 1125.1666666666665

State:
 [[  2   8   0   2]
 [  4   2  16   8]
 [  2  16   2  32]
 [  2  32 128 512]]
Action: L
Reward: [1, 54.16666666666667, 812, 0, 0, 162, 0]
Total Reward: 1029.1666666666665

State:
 [[  0   8   4   2]
 [  2   2  16   8]
 [  4  16   2  32]
 [  4  32 128 512]]
Action: D
Reward: [1, 78.33333333333334, 812, 0, 40, 162, 0]
Total Reward: 1093.3333333333335

State:
 [[  0   8   4   2]
 [  2   2  16   8]
 [  2  16   2  32]
 [  8  32 128 512]]
Action: D
Reward: [1, 73.33333333333334, 812, 0, 40, 162, 0]
Total Reward: 1088.3333333333335

State:
 [[  2   8   4   2]
 [  0   2  16   8]
 [  4  16   2  32]
 [  8  32 128 512]]
Action: D
Reward: [1, 85.0, 812, 0, 40, 162, 0]
Total Reward: 1100.0

State:
 [[  2   8   4   2]
 [  2   2  16   8]
 [  4  16   2  32]
 [  8  32 128 512]]
Action: D
Reward: [0, 85.0, 812, 0, 0, 162, 0]
Total Reward: 1059.0

State:
 [[  2   8   4   2]
 [  4   2  16   8]
 [  4  16   2  32]
 [  8  32 128 512]]
Action: D
Reward: [0, 95.0, 812, 0, 40, 162, 0]
Total Reward: 1109.0

State:
 [[  2   8   4   2]
 [  2   2  16   8]
 [  8  16   2  32]
 [  8  32 128 512]]
Action: D
Reward: [0, 75.0, 812, 0, 40, 162, 0]
Total Reward: 1089.0

State:
 [[  0   8   4   2]
 [  2   2  16   8]
 [  4  16   2  32]
 [ 16  32 128 512]]
Action: D
Reward: [1, 90.0, 812, 0, 80, 162, 0]
Total Reward: 1145.0

State:
 [[  0   8   4   2]
 [  2   4  16   8]
 [  4  16   2  32]
 [ 16  32 128 512]]
Action: R
Reward: [1, 85.0, 812, 0, 40, 162, 0]
Total Reward: 1100.0

State:
 [[  8   4   2   4]
 [  2   4  16   8]
 [  4  16   2  32]
 [ 16  32 128 512]]
Action: L
Reward: [0, 83.33333333333331, 812, 0, 0, 162, 0]
Total Reward: 1057.3333333333333

State:
 [[  8   2   2   4]
 [  2   8  16   8]
 [  4  16   2  32]
 [ 16  32 128 512]]
Action: D
Reward: [0, 88.33333333333331, 812, 0, 40, 162, 0]
Total Reward: 1102.3333333333333

State:
 [[  2   8   4   4]
 [  2   8  16   8]
 [  4  16   2  32]
 [ 16  32 128 512]]
Action: R
Reward: [0, 90.0, 812, 0, 40, 162, 0]
Total Reward: 1104.0

State:
 [[  2   0   4   4]
 [  4  16  16   8]
 [  4  16   2  32]
 [ 16  32 128 512]]
Action: D
Reward: [1, 85.0, 812, 0, 80, 162, 0]
Total Reward: 1140.0

State:
 [[  0   0   4   4]
 [  2   2  16   8]
 [  8  32   2  32]
 [ 16  32 128 512]]
Action: D
Reward: [2, 70.0, 812, 0, 80, 162, 0]
Total Reward: 1126.0

State:
 [[  0   0   4   4]
 [  2   2  16   8]
 [  8   2   2  32]
 [ 16  64 128 512]]
Action: D
Reward: [2, 67.0, 812, 0, 40, 162, 0]
Total Reward: 1083.0

State:
 [[  4   0   4   4]
 [  2   0  16   8]
 [  8   4   2  32]
 [ 16  64 128 512]]
Action: D
Reward: [2, 72.5, 812, 0, 40, 162, 0]
Total Reward: 1088.5

State:
 [[  0   0   4   8]
 [  2   2  16   8]
 [  8   4   2  32]
 [ 16  64 128 512]]
Action: R
Reward: [2, 92.5, 812, 0, 40, 162, 0]
Total Reward: 1108.5

State:
 [[  0   2   4   0]
 [  2   2  16  16]
 [  8   4   2  32]
 [ 16  64 128 512]]
Action: D
Reward: [2, 94.16666666666669, 812, 0, 40, 162, 0]
Total Reward: 1110.1666666666667

State:
 [[  0   0   4   2]
 [  2   4  16  16]
 [  8   4   2  32]
 [ 16  64 128 512]]
Action: D
Reward: [2, 99.16666666666669, 812, 0, 40, 162, 0]
Total Reward: 1115.1666666666667

State:
 [[  0   2   4   2]
 [  2   0  16  16]
 [  8   8   2  32]
 [ 16  64 128 512]]
Action: D
Reward: [2, 68.33333333333333, 812, 0, 40, 162, 0]
Total Reward: 1084.3333333333335

State:
 [[  0   2   4   2]
 [  2   2  16  16]
 [  8   8   2  32]
 [ 16  64 128 512]]
Action: D
Reward: [1, 68.33333333333333, 812, 0, 0, 162, 0]
Total Reward: 1043.3333333333335

State:
 [[  2   0   4   2]
 [  2   4  16  16]
 [  8   8   2  32]
 [ 16  64 128 512]]
Action: D
Reward: [1, 85.0, 812, 0, 40, 162, 0]
Total Reward: 1100.0

State:
 [[  0   2   4   2]
 [  4   4  16  16]
 [  8   8   2  32]
 [ 16  64 128 512]]
Action: D
Reward: [1, 90.0, 812, 0, 40, 162, 0]
Total Reward: 1105.0

State:
 [[  0   2   4   2]
 [  0   2   8  32]
 [  0  16   2  32]
 [ 16  64 128 512]]
Action: R
Reward: [3, 50.83333333333333, 812, 0, 120, 162, 0]
Total Reward: 1147.8333333333335

State:
 [[  0   2   4   0]
 [  0   4   8   2]
 [  0  16   2  64]
 [ 16  64 128 512]]
Action: D
Reward: [4, 68.33333333333333, 812, 0, 80, 194, 0]
Total Reward: 1158.3333333333335

State:
 [[  2   0   2   4]
 [  0   4   8   2]
 [  0  16   2  64]
 [ 16  64 128 512]]
Action: R
Reward: [3, 56.0, 812, 0, 0, 194, 0]
Total Reward: 1065.0

State:
 [[  0   2   2   4]
 [  0   4   8   2]
 [  2  16   2  64]
 [ 16  64 128 512]]
Action: D
Reward: [2, 66.66666666666667, 812, 0, 0, 194, 0]
Total Reward: 1074.6666666666665

State:
 [[  0   0   4   4]
 [  2   4   8   2]
 [  2  16   2  64]
 [ 16  64 128 512]]
Action: R
Reward: [2, 61.66666666666667, 812, 0, 40, 194, 0]
Total Reward: 1109.6666666666665

State:
 [[  2   0   4   4]
 [  0   4   8   2]
 [  4  16   2  64]
 [ 16  64 128 512]]
Action: D
Reward: [2, 75.0, 812, 0, 40, 194, 0]
Total Reward: 1123.0

State:
 [[  2   0   4   4]
 [  2   4   8   2]
 [  4  16   2  64]
 [ 16  64 128 512]]
Action: D
Reward: [1, 85.0, 812, 0, 0, 194, 0]
Total Reward: 1092.0

State:
 [[  0   2   4   4]
 [  4   4   8   2]
 [  4  16   2  64]
 [ 16  64 128 512]]
Action: D
Reward: [1, 75.0, 812, 0, 40, 194, 0]
Total Reward: 1122.0

State:
 [[  2   2   4   4]
 [  0   4   8   2]
 [  8  16   2  64]
 [ 16  64 128 512]]
Action: D
Reward: [1, 90.0, 812, 0, 40, 194, 0]
Total Reward: 1137.0

State:
 [[  2   2   4   4]
 [  2   4   8   2]
 [  8  16   2  64]
 [ 16  64 128 512]]
Action: D
Reward: [0, 100.0, 812, 0, 0, 194, 0]
Total Reward: 1106.0

State:
 [[  2   2   4   4]
 [  4   4   8   2]
 [  8  16   2  64]
 [ 16  64 128 512]]
Action: D
Reward: [0, 105.0, 812, 0, 40, 194, 0]
Total Reward: 1151.0

State:
 [[  0   4   4   8]
 [  0   8   8   2]
 [  8  16   2  64]
 [ 16  64 128 512]]
Action: R
Reward: [2, 85.66666666666666, 812, 0, 120, 194, 0]
Total Reward: 1213.6666666666665

State:
 [[  0   4   8   8]
 [  0   0  16   2]
 [  8  16   2  64]
 [ 16  64 128 512]]
Action: R
Reward: [3, 70.66666666666666, 812, 0, 80, 194, 0]
Total Reward: 1159.6666666666665

State:
 [[  0   2   8   8]
 [  0   4  16   2]
 [  8  16   2  64]
 [ 16  64 128 512]]
Action: D
Reward: [2, 74.0, 812, 0, 0, 194, 0]
Total Reward: 1082.0

State:
 [[  0   2   2  16]
 [  0   4  16   2]
 [  8  16   2  64]
 [ 16  64 128 512]]
Action: R
Reward: [2, 67.33333333333333, 812, 0, 40, 194, 0]
Total Reward: 1115.3333333333335

State:
 [[  0   0   4  16]
 [  2   4  16   2]
 [  8  16   2  64]
 [ 16  64 128 512]]
Action: R
Reward: [2, 75.66666666666666, 812, 0, 40, 194, 0]
Total Reward: 1123.6666666666665

State:
 [[  4  16   2   0]
 [  2   4  16   2]
 [  8  16   2  64]
 [ 16  64 128 512]]
Action: L
Reward: [1, 59.0, 812, 0, 0, 194, 0]
Total Reward: 1066.0

State:
 [[  2   4  16   2]
 [  2   4  16   2]
 [  8  16   2  64]
 [ 16  64 128 512]]
Action: R
Reward: [0, 84.0, 812, 0, 0, 194, 0]
Total Reward: 1090.0

State:
 [[  0   0   2   0]
 [  4   8  32   4]
 [  8  16   2  64]
 [ 16  64 128 512]]
Action: D
Reward: [3, 82.83333333333333, 812, 0, 160, 194, 0]
Total Reward: 1251.8333333333335

State:
 [[  4   0   0   2]
 [  4   8  32   4]
 [  8  16   2  64]
 [ 16  64 128 512]]
Action: R
Reward: [2, 102.0, 812, 0, 0, 194, 0]
Total Reward: 1110.0

State:
 [[  0   2   0   2]
 [  8   8  32   4]
 [  8  16   2  64]
 [ 16  64 128 512]]
Action: D
Reward: [2, 77.0, 812, 0, 40, 194, 0]
Total Reward: 1125.0

State:
 [[  0   2   0   2]
 [  2   8  32   4]
 [ 16  16   2  64]
 [ 16  64 128 512]]
Action: D
Reward: [2, 68.0, 812, 0, 40, 194, 0]
Total Reward: 1116.0

State:
 [[  0   2   2   2]
 [  0   8  32   4]
 [  2  16   2  64]
 [ 32  64 128 512]]
Action: D
Reward: [2, 68.66666666666667, 812, 0, 40, 194, 0]
Total Reward: 1116.6666666666665

State:
 [[  0   2   2   4]
 [  0   8  32   4]
 [  2  16   2  64]
 [ 32  64 128 512]]
Action: R
Reward: [2, 68.66666666666667, 812, 0, 40, 194, 0]
Total Reward: 1116.6666666666665

State:
 [[  0   2   2   0]
 [  4   8  32   8]
 [  2  16   2  64]
 [ 32  64 128 512]]
Action: D
Reward: [2, 72.83333333333333, 812, 0, 40, 194, 0]
Total Reward: 1120.8333333333335

State:
 [[  0   0   2   4]
 [  4   8  32   8]
 [  2  16   2  64]
 [ 32  64 128 512]]
Action: R
Reward: [2, 87.83333333333333, 812, 0, 40, 194, 0]
Total Reward: 1135.8333333333335

State:
 [[  2   4   2   0]
 [  4   8  32   8]
 [  2  16   2  64]
 [ 32  64 128 512]]
Action: L
Reward: [1, 72.83333333333333, 812, 0, 0, 194, 0]
Total Reward: 1079.8333333333335

State:
 [[  2   2   4   2]
 [  4   8  32   8]
 [  2  16   2  64]
 [ 32  64 128 512]]
Action: R
Reward: [0, 73.66666666666667, 812, 0, 0, 194, 0]
Total Reward: 1079.6666666666665

State:
 [[  2   4   4   2]
 [  4   8  32   8]
 [  2  16   2  64]
 [ 32  64 128 512]]
Action: R
Reward: [0, 78.66666666666666, 812, 0, 40, 194, 0]
Total Reward: 1124.6666666666665

State:
 [[  2   2   8   2]
 [  4   8  32   8]
 [  2  16   2  64]
 [ 32  64 128 512]]
Action: R
Reward: [0, 75.33333333333333, 812, 0, 40, 194, 0]
Total Reward: 1121.3333333333335

State:
 [[  2   4   8   2]
 [  4   8  32   8]
 [  2  16   2  64]
 [ 32  64 128 512]]
Action: R
Reward: [0, 95.33333333333333, 812, 0, 40, 194, 0]
Total Reward: 1141.3333333333335

